0 2
1 2
2 2
3 2
4 2
5 2
6 2
7 2
8 2
9 2
10 2
11 2
12 2
13 2
14 2
15 2
16 2
17 2
18 2
19 6
20 2
21 6
22 6
23 6
24 6
25 2
26 6
27 4
28 4
29 4
30 4
31 4
32 4
33 4
34 4
35 4
36 4
37 4
38 4
39 4
40 4
41 4
42 4
43 4
44 4
45 4
46 4
47 4
48 4
49 4
50 4
51 4
52 4
53 4
54 4
55 4
56 4
57 4
58 4
59 4
60 4
61 4
62 4
63 4
64 4
65 4
66 4
67 4
68 4
69 4
70 4
71 4
72 4
73 4
74 4
75 4
76 4
77 4
78 4
79 4
80 4
81 4
82 4
83 4
84 4
85 4
86 4
87 4
88 4
89 4
90 4
91 4
92 4
93 4
94 4
95 4
96 4
97 4
98 4
99 4
100 4
101 4
102 4
103 4
104 4
105 4
106 4
107 4
108 4
109 4
110 4
111 4
112 4
113 4
114 4
115 4
116 4
117 4
118 4
119 4
120 4
121 4
122 4
123 4
124 4
125 4
126 4
127 4
128 4
129 4
130 4
131 4
132 4
133 4
134 4
135 4
136 4
137 4
138 4
139 4
140 4
141 4
142 4
143 4
144 4
145 4
146 4
147 4
148 4
149 4
150 4
151 4
152 4
153 4
154 4
155 4
156 4
157 4
158 4
159 4
160 4
161 4
162 4
163 4
164 4
165 4
166 4
167 4
168 4
169 4
170 4
171 4
172 4
173 4
174 4
175 4
176 4
177 4
178 4
179 4
180 4
181 4
182 4
183 4
184 4
185 4
186 4
187 4
188 4
189 4
190 4
191 4
192 4
193 4
194 4
195 4
196 4
197 4
198 4
199 4
200 4
201 4
202 4
203 4
204 4
205 4
206 4
207 4
208 4
209 4
210 4
211 4
212 4
213 4
214 4
215 4
216 4
217 4
218 6
219 6
220 6
221 6
222 6
223 6
224 6
225 6
226 6
227 6
228 6
229 0
230 4
231 0
232 6
233 6
234 6
235 6
236 6
237 6
238 6
239 6
240 6
241 6
242 6
243 6
244 6
245 6
246 6
247 6
248 6
249 6
250 6
251 6
252 6
253 6
254 6
255 6
256 6
257 6
258 6
259 6
260 6
261 6
262 6
263 6
264 6
265 6
266 6
267 6
268 6
269 6
270 6
271 6
272 6
273 6
274 6
275 6
276 6
277 6
278 6
279 6
280 6
281 6
282 6
283 2
284 6
285 0
286 0
287 0
288 0
289 6
290 6
291 6
292 6
293 6
294 6
295 6
296 6
297 6
298 6
299 6
300 6
301 6
302 6
303 6
304 6
305 6
306 6
307 6
308 6
309 6
310 6
311 6
312 6
313 6
314 6
315 6
316 6
317 6
318 6
319 6
320 6
321 6
322 6
323 6
324 6
325 6
326 6
327 2
328 6
329 4
330 4
331 4
332 4
333 4
334 4
335 4
336 4
337 4
338 4
339 4
340 4
341 4
342 4
343 4
344 4
345 4
346 4
347 4
348 4
349 4
350 4
351 4
352 4
353 4
354 4
355 4
356 4
357 4
358 4
359 4
360 4
361 4
362 4
363 4
364 4
365 4
366 4
367 4
368 4
369 4
370 4
371 4
372 4
373 4
374 4
375 4
376 4
377 4
378 4
379 4
380 4
381 4
382 4
383 4
384 4
385 4
386 4
387 4
388 4
389 4
390 4
391 4
392 4
393 4
394 4
395 4
396 5
397 5
398 5
399 5
400 4
401 5
402 5
403 5
404 5
405 5
406 5
407 5
408 5
409 4
410 5
411 5
412 5
413 5
414 5
415 4
416 5
417 5
418 5
419 5
420 6
421 4
422 5
423 4
424 4
425 4
426 4
427 5
428 4
429 4
430 4
431 4
432 5
433 4
434 4
435 4
436 4
437 4
438 4
439 5
440 4
441 4
442 4
443 4
444 4
445 4
446 4
447 4
448 4
449 4
450 5
451 4
452 4
453 4
454 4
455 4
456 4
457 4
458 4
459 4
460 4
461 4
462 4
463 4
464 4
465 4
466 4
467 4
468 4
469 4
470 4
471 4
472 4
473 4
474 4
475 4
476 4
477 4
478 4
479 4
480 4
481 4
482 4
483 4
484 4
485 4
486 4
487 4
488 4
489 4
490 4
491 4
492 4
493 4
494 4
495 4
496 4
497 4
498 4
499 4
500 4
501 4
502 4
503 4
504 4
505 4
506 4
507 4
508 4
509 4
510 4
511 4
512 4
513 4
514 4
515 4
516 4
517 4
518 4
519 4
520 7
521 7
522 7
523 7
524 7
525 7
526 7
527 7
528 7
529 7
530 7
531 7
532 7
533 7
534 7
535 7
536 7
537 7
538 7
539 7
540 7
541 7
542 7
543 7
544 7
545 7
546 7
547 7
548 7
549 7
550 7
551 7
552 7
553 7
554 7
555 7
556 7
557 7
558 7
559 7
560 7
561 7
562 7
563 7
564 7
565 7
566 7
567 7
568 7
569 7
570 7
571 7
572 7
573 5
574 7
575 7
576 5
577 7
578 7
579 7
580 5
581 7
582 7
583 7
584 5
585 4
586 7
587 7
588 7
589 7
590 7
591 7
592 7
593 7
594 5
595 7
596 7
597 7
598 5
599 7
600 7
601 4
602 7
603 7
604 7
605 7
606 7
607 7
608 5
609 7
610 7
611 7
612 5
613 4
614 7
615 7
616 7
617 7
618 7
619 7
620 7
621 7
622 7
623 4
624 7
625 7
626 7
627 7
628 7
629 7
630 7
631 4
632 7
633 7
634 7
635 7
636 2
637 2
638 2
639 2
640 2
641 2
642 2
643 2
644 2
645 2
646 2
647 2
648 2
649 2
650 2
651 2
652 2
653 2
654 2
655 2
656 2
657 2
658 2
659 2
660 2
661 2
662 2
663 2
664 2
665 2
666 2
667 2
668 2
669 2
670 2
671 2
672 2
673 2
674 2
675 2
676 2
677 2
678 2
679 2
680 2
681 2
682 2
683 2
684 2
685 2
686 2
687 2
688 2
689 2
690 2
691 2
692 2
693 2
694 2
695 2
696 2
697 2
698 2
699 4
700 4
701 4
702 4
703 4
704 4
705 4
706 4
707 4
708 4
709 4
710 4
711 4
712 4
713 4
714 4
715 4
716 4
717 4
718 4
719 4
720 4
721 4
722 4
723 4
724 4
725 4
726 4
727 4
728 4
729 4
730 4
731 4
732 4
733 4
734 4
735 4
736 4
737 4
738 4
739 4
740 4
741 4
742 4
743 4
744 4
745 4
746 5
747 5
748 5
749 5
750 5
751 5
752 5
753 5
754 6
755 6
756 5
757 6
758 5
759 6
760 6
761 5
762 6
763 5
764 6
765 6
766 5
767 6
768 6
769 5
770 6
771 5
772 6
773 6
774 5
775 6
776 5
777 6
778 6
779 5
780 6
781 6
782 5
783 6
784 5
785 6
786 6
787 5
788 6
789 5
790 6
791 6
792 5
793 6
794 6
795 4
796 4
797 4
798 4
799 4
800 4
801 4
802 4
803 4
804 4
805 4
806 4
807 4
808 4
809 4
810 4
811 4
812 4
813 4
814 4
815 4
816 4
817 4
818 6
819 4
820 4
821 6
822 4
823 4
824 4
825 6
826 4
827 4
828 6
829 4
830 6
831 4
832 4
833 6
834 4
835 4
836 6
837 4
838 6
839 4
840 4
841 6
842 4
843 6
844 4
845 6
846 4
847 4
848 6
849 4
850 6
851 4
852 6
853 4
854 6
855 4
856 6
857 4
858 6
859 4
860 4
861 6
862 4
863 6
864 6
865 4
866 6
867 4
868 6
869 4
870 5
871 5
872 5
873 5
874 5
875 5
876 5
877 5
878 5
879 5
880 5
881 5
882 5
883 5
884 5
885 5
886 5
887 5
888 5
889 5
890 5
891 5
892 5
893 5
894 5
895 5
896 5
897 0
898 0
899 6
900 6
901 6
902 6
903 6
904 6
905 6
906 6
907 6
908 6
909 6
910 6
911 6
912 6
913 6
914 6
915 6
916 6
917 6
918 6
919 6
920 6
921 6
922 6
923 6
924 6
925 6
926 6
927 6
928 6
929 1
930 1
931 1
932 1
933 1
934 1
935 1
936 1
937 1
938 5
939 1
940 2
941 2
942 6
943 2
944 6
945 6
946 6
947 6
948 6
949 6
950 6
951 6
952 6
953 6
954 2
955 6
956 4
957 4
958 4
959 4
960 4
961 4
962 4
963 4
964 4
965 4
966 4
967 4
968 4
969 4
970 4
971 4
972 4
973 4
974 4
975 4
976 4
977 4
978 4
979 4
980 4
981 4
982 4
983 4
984 4
985 4
986 4
987 4
988 4
989 4
990 4
991 4
992 4
993 4
994 4
995 4
996 4
997 4
998 4
999 4
1000 4
1001 4
1002 4
1003 4
1004 4
1005 4
1006 4
1007 4
1008 4
1009 4
1010 4
1011 4
1012 4
1013 4
1014 4
1015 4
1016 4
1017 4
1018 4
1019 4
1020 4
1021 6
1022 4
1023 6
1024 4
1025 6
1026 4
1027 6
1028 4
1029 6
1030 4
1031 6
1032 4
1033 6
1034 4
1035 6
1036 4
1037 6
1038 4
1039 6
1040 4
1041 6
1042 4
1043 6
1044 4
1045 6
1046 4
1047 6
1048 6
1049 4
1050 6
1051 4
1052 6
1053 4
1054 6
1055 4
1056 6
1057 4
1058 6
1059 6
1060 4
1061 6
1062 4
1063 6
1064 4
1065 6
1066 4
1067 6
1068 6
1069 4
1070 6
1071 4
1072 6
1073 4
1074 6
1075 6
1076 4
1077 6
1078 4
1079 6
1080 4
1081 6
1082 4
1083 6
1084 6
1085 4
1086 6
1087 4
1088 6
1089 4
1090 6
1091 4
1092 6
1093 6
1094 4
1095 6
1096 4
1097 6
1098 4
1099 6
1100 4
1101 6
1102 6
1103 4
1104 6
1105 2
1106 6
1107 2
1108 2
1109 2
1110 2
1111 2
1112 2
1113 2
1114 2
1115 2
1116 2
1117 2
1118 2
1119 2
1120 2
1121 2
1122 2
1123 2
1124 2
1125 2
1126 2
1127 2
1128 2
1129 2
1130 2
1131 2
1132 2
1133 2
1134 2
1135 2
1136 2
1137 2
1138 2
1139 2
1140 2
1141 2
1142 2
1143 2
1144 2
1145 2
1146 2
1147 2
1148 2
1149 2
1150 2
1151 2
1152 2
1153 2
1154 2
1155 2
1156 2
1157 0
1158 6
1159 2
1160 6
1161 1
1162 1
1163 1
1164 6
1165 6
1166 6
1167 6
1168 6
1169 6
1170 6
1171 6
1172 2
1173 6
1174 2
1175 2
1176 2
1177 2
1178 2
1179 2
1180 2
1181 2
1182 2
1183 7
1184 6
1185 2
1186 6
1187 2
1188 2
1189 2
1190 2
1191 2
1192 2
1193 2
1194 2
1195 2
1196 2
1197 2
1198 2
1199 2
1200 2
1201 2
1202 2
1203 2
1204 4
1205 4
1206 4
1207 4
1208 4
1209 4
1210 4
1211 4
1212 4
1213 4
1214 4
1215 4
1216 4
1217 4
1218 4
1219 4
1220 4
1221 4
1222 4
1223 4
1224 4
1225 4
1226 4
1227 4
1228 4
1229 4
1230 4
1231 4
1232 4
1233 4
1234 4
1235 4
1236 4
1237 4
1238 4
1239 4
1240 4
1241 4
1242 4
1243 4
1244 4
1245 4
1246 4
1247 4
1248 4
1249 4
1250 4
1251 4
1252 4
1253 4
1254 4
1255 4
1256 4
1257 4
1258 4
1259 4
1260 4
1261 4
1262 4
1263 4
1264 4
1265 4
1266 4
1267 4
1268 4
1269 4
1270 4
1271 4
1272 4
1273 4
1274 4
1275 4
1276 4
1277 4
1278 4
1279 4
1280 4
1281 4
1282 4
1283 5
1284 4
1285 5
1286 5
1287 5
1288 4
1289 5
1290 5
1291 5
1292 4
1293 5
1294 5
1295 4
1296 5
1297 5
1298 4
1299 5
1300 5
1301 4
1302 5
1303 5
1304 4
1305 5
1306 5
1307 4
1308 5
1309 4
1310 5
1311 5
1312 4
1313 5
1314 4
1315 5
1316 4
1317 5
1318 4
1319 5
1320 4
1321 4
1322 4
1323 4
1324 4
1325 4
1326 4
1327 4
1328 5
1329 4
1330 4
1331 4
1332 4
1333 4
1334 4
1335 4
1336 4
1337 4
1338 4
1339 4
1340 4
1341 4
1342 4
1343 4
1344 4
1345 4
1346 4
1347 4
1348 4
1349 4
1350 4
1351 4
1352 4
1353 4
1354 4
1355 4
1356 4
1357 4
1358 4
1359 4
1360 4
1361 4
1362 4
1363 4
1364 4
1365 4
1366 4
1367 4
1368 4
1369 4
1370 4
1371 4
1372 4
1373 4
1374 4
1375 4
1376 4
1377 4
1378 4
1379 4
1380 4
1381 4
1382 4
1383 4
1384 4
1385 4
1386 4
1387 4
1388 4
1389 4
1390 4
1391 4
1392 4
1393 4
1394 4
1395 4
1396 4
1397 4
1398 4
1399 4
1400 4
1401 4
1402 4
1403 4
1404 4
1405 4
1406 4
1407 4
1408 4
1409 4
1410 4
1411 4
1412 4
1413 4
1414 6
1415 6
1416 6
1417 4
1418 6
1419 6
1420 6
1421 6
1422 6
1423 6
1424 4
1425 6
1426 6
1427 6
1428 6
1429 6
1430 6
1431 7
1432 7
1433 7
1434 7
1435 7
1436 7
1437 7
1438 7
1439 7
1440 7
1441 7
1442 7
1443 7
1444 7
1445 7
1446 7
1447 7
1448 7
1449 7
1450 7
1451 7
1452 7
1453 7
1454 7
1455 7
1456 7
1457 7
1458 7
1459 7
1460 7
1461 7
1462 7
1463 7
1464 7
1465 7
1466 7
1467 7
1468 7
1469 7
1470 7
1471 7
1472 7
1473 7
1474 7
1475 7
1476 7
1477 7
1478 7
1479 7
1480 7
1481 5
1482 7
1483 5
1484 2
1485 2
1486 2
1487 2
1488 2
1489 2
1490 2
1491 2
1492 2
1493 2
1494 2
1495 2
1496 2
1497 2
1498 6
1499 2
1500 0
1501 0
1502 0
1503 0
1504 0
1505 0
1506 0
1507 0
1508 0
1509 0
1510 0
1511 0
1512 6
1513 6
1514 6
1515 6
1516 6
1517 6
1518 6
1519 6
1520 6
1521 6
1522 6
1523 6
1524 6
1525 6
1526 6
1527 6
1528 6
1529 6
1530 6
1531 6
1532 6
1533 6
1534 6
1535 6
1536 6
1537 6
1538 2
1539 6
1540 4
1541 4
1542 4
1543 4
1544 4
1545 4
1546 4
1547 4
1548 4
1549 4
1550 4
1551 4
1552 4
1553 4
1554 4
1555 4
1556 4
1557 4
1558 4
1559 4
1560 4
1561 4
1562 4
1563 4
1564 4
1565 4
1566 4
1567 4
1568 4
1569 4
1570 4
1571 4
1572 4
1573 4
1574 4
1575 4
1576 4
1577 4
1578 4
1579 4
1580 4
1581 4
1582 4
1583 4
1584 4
1585 4
1586 4
1587 4
1588 4
1589 4
1590 4
1591 4
1592 4
1593 4
1594 4
1595 4
1596 4
1597 4
1598 4
1599 4
1600 4
1601 4
1602 4
1603 4
1604 4
1605 4
1606 4
1607 4
1608 4
1609 4
1610 4
1611 4
1612 4
1613 4
1614 4
1615 4
1616 4
1617 4
1618 4
1619 4
1620 4
1621 4
1622 4
1623 4
1624 4
1625 4
1626 4
1627 4
1628 4
1629 4
1630 4
1631 4
1632 4
1633 4
1634 4
1635 4
1636 4
1637 4
1638 4
1639 4
1640 4
1641 4
1642 4
1643 4
1644 4
1645 4
1646 4
1647 4
1648 4
1649 4
1650 4
1651 4
1652 4
1653 4
1654 4
1655 4
1656 4
1657 4
1658 4
1659 4
1660 4
1661 4
1662 4
1663 4
1664 4
1665 4
1666 4
1667 4
1668 4
1669 4
1670 4
1671 4
1672 4
1673 4
1674 4
1675 4
1676 4
1677 4
1678 4
1679 4
1680 4
1681 6
1682 4
1683 6
1684 4
1685 6
1686 4
1687 6
1688 4
1689 6
1690 4
1691 6
1692 4
1693 6
1694 4
1695 4
1696 6
1697 4
1698 6
1699 4
1700 6
1701 4
1702 6
1703 4
1704 4
1705 6
1706 2
1707 6
1708 6
1709 6
1710 6
1711 6
1712 6
1713 6
1714 4
1715 4
1716 4
1717 4
1718 4
1719 4
1720 4
1721 4
1722 6
1723 4
1724 4
1725 4
1726 4
1727 4
1728 6
1729 4
1730 4
1731 4
1732 6
1733 4
1734 4
1735 4
1736 6
1737 4
1738 4
1739 4
1740 6
1741 4
1742 4
1743 6
1744 4
1745 4
1746 6
1747 4
1748 4
1749 6
1750 4
1751 6
1752 4
1753 4
1754 6
1755 4
1756 6
1757 4
1758 4
1759 6
1760 4
1761 6
1762 4
1763 6
1764 4
1765 6
1766 4
1767 4
1768 6
1769 4
1770 6
1771 4
1772 6
1773 4
1774 6
1775 4
1776 6
1777 4
1778 6
1779 4
1780 6
1781 6
1782 4
1783 6
1784 4
1785 6
1786 4
1787 6
1788 4
1789 6
1790 6
1791 4
1792 6
1793 4
1794 6
1795 6
1796 4
1797 6
1798 4
1799 6
1800 6
1801 4
1802 6
1803 4
1804 6
1805 6
1806 4
1807 6
1808 6
1809 4
1810 6
1811 6
1812 4
1813 6
1814 6
1815 4
1816 6
1817 6
1818 6
1819 4
1820 6
1821 6
1822 4
1823 6
1824 6
1825 6
1826 6
1827 2
1828 6
1829 4
1830 4
1831 4
1832 4
1833 4
1834 4
1835 4
1836 4
1837 4
1838 4
1839 4
1840 4
1841 4
1842 4
1843 4
1844 4
1845 4
1846 4
1847 4
1848 4
1849 4
1850 4
1851 4
1852 4
1853 4
1854 4
1855 4
1856 4
1857 4
1858 4
1859 4
1860 4
1861 4
1862 4
1863 4
1864 4
1865 4
1866 4
1867 4
1868 4
1869 4
1870 4
1871 4
1872 4
1873 4
1874 4
1875 4
1876 4
1877 4
1878 4
1879 4
1880 4
1881 4
1882 4
1883 4
1884 4
1885 4
1886 4
1887 4
1888 4
1889 4
1890 4
1891 4
1892 6
1893 4
1894 6
1895 4
1896 6
1897 4
1898 6
1899 4
1900 6
1901 4
1902 6
1903 4
1904 6
1905 6
1906 4
1907 6
1908 4
1909 6
1910 4
1911 6
1912 4
1913 6
1914 4
1915 6
1916 4
1917 6
1918 4
1919 6
1920 4
1921 6
1922 6
1923 4
1924 6
1925 4
1926 6
1927 4
1928 6
1929 4
1930 6
1931 6
1932 4
1933 6
1934 4
1935 6
1936 4
1937 6
1938 4
1939 6
1940 6
1941 4
1942 6
1943 4
1944 6
1945 4
1946 6
1947 4
1948 6
1949 6
1950 4
1951 6
1952 4
1953 6
1954 4
1955 6
1956 6
1957 4
1958 6
1959 4
1960 6
1961 4
1962 6
1963 6
1964 4
1965 6
1966 4
1967 6
1968 4
1969 6
1970 4
1971 6
1972 2
1973 6
1974 6
1975 6
1976 6
1977 6
1978 6
1979 6
1980 6
1981 6
1982 6
1983 6
1984 6
1985 6
1986 6
1987 6
1988 6
1989 6
1990 6
1991 6
1992 6
1993 4
1994 4
1995 4
1996 4
1997 4
1998 4
1999 4
2000 6
2001 4
2002 4
2003 4
2004 4
2005 6
2006 4
2007 4
2008 4
2009 6
2010 4
2011 4
2012 4
2013 6
2014 4
2015 4
2016 6
2017 4
2018 4
2019 6
2020 4
2021 4
2022 6
2023 4
2024 6
2025 4
2026 6
2027 4
2028 4
2029 6
2030 4
2031 6
2032 4
2033 6
2034 4
2035 6
2036 4
2037 6
2038 4
2039 6
2040 4
2041 6
2042 4
2043 6
2044 4
2045 6
2046 6
2047 4
2048 6
2049 4
2050 6
2051 6
2052 4
2053 6
2054 4
2055 6
2056 1
2057 5
2058 1
2059 4
2060 4
2061 4
2062 4
2063 4
2064 4
2065 4
2066 4
2067 4
2068 4
2069 4
2070 4
2071 4
2072 4
2073 4
2074 4
2075 4
2076 4
2077 4
2078 4
2079 4
2080 4
2081 4
2082 4
2083 4
2084 4
2085 4
2086 4
2087 4
2088 4
2089 4
2090 4
2091 4
2092 4
2093 4
2094 4
2095 4
2096 4
2097 4
2098 4
2099 4
2100 4
2101 4
2102 4
2103 4
2104 4
2105 4
2106 4
2107 4
2108 4
2109 5
2110 5
2111 5
2112 5
2113 5
2114 5
2115 5
2116 5
2117 5
2118 5
2119 5
2120 5
2121 5
2122 5
2123 5
2124 5
2125 5
2126 5
2127 5
2128 5
2129 5
2130 5
2131 5
2132 5
2133 5
2134 5
2135 5
2136 5
2137 5
2138 5
2139 5
2140 0
2141 0
2142 6
2143 6
2144 6
2145 6
2146 6
2147 6
2148 6
2149 6
2150 6
2151 6
2152 6
2153 6
2154 6
2155 6
2156 6
2157 6
2158 6
2159 6
2160 6
2161 6
2162 6
2163 6
2164 6
2165 6
2166 6
2167 4
2168 6
2169 4
2170 6
2171 4
2172 4
2173 5
2174 5
2175 5
2176 6
2177 6
2178 6
2179 6
2180 6
2181 4
2182 4
2183 6
2184 4
2185 5
2186 5
2187 5
2188 5
2189 6
2190 6
2191 6
2192 6
2193 6
2194 4
2195 6
2196 4
2197 6
2198 4
2199 4
2200 5
2201 5
2202 5
2203 5
2204 5
2205 5
2206 6
2207 6
2208 6
2209 6
2210 6
2211 6
2212 6
2213 6
2214 7
2215 7
2216 7
2217 7
2218 7
2219 7
2220 7
2221 7
2222 7
2223 2
2224 7
2225 7
2226 2
2227 7
2228 2
2229 7
2230 7
2231 2
2232 7
2233 7
2234 2
2235 5
2236 7
2237 7
2238 7
2239 2
2240 7
2241 7
2242 2
2243 7
2244 2
2245 7
2246 7
2247 2
2248 7
2249 7
2250 2
2251 7
2252 7
2253 2
2254 7
2255 2
2256 7
2257 7
2258 2
2259 7
2260 7
2261 2
2262 7
2263 7
2264 2
2265 7
2266 2
2267 7
2268 7
2269 2
2270 7
2271 7
2272 2
2273 6
2274 2
2275 1
2276 1
2277 1
2278 1
2279 1
2280 1
2281 1
2282 1
2283 1
2284 1
2285 1
2286 1
2287 1
2288 1
2289 1
2290 1
2291 1
2292 1
2293 1
2294 1
2295 1
2296 1
2297 1
2298 1
2299 1
2300 1
2301 1
2302 1
2303 1
2304 1
2305 1
2306 1
2307 1
2308 1
2309 1
2310 1
2311 1
2312 2
2313 2
2314 1
2315 2
2316 2
2317 2
2318 1
2319 2
2320 2
2321 2
2322 1
2323 2
2324 2
2325 2
2326 1
2327 2
2328 2
2329 1
2330 2
2331 2
2332 1
2333 2
2334 2
2335 2
2336 1
2337 2
2338 2
2339 1
2340 2
2341 2
2342 1
2343 2
2344 2
2345 1
2346 2
2347 2
2348 2
2349 1
2350 2
2351 2
2352 1
2353 2
2354 2
2355 1
2356 2
2357 2
2358 1
2359 2
2360 2
2361 1
2362 2
2363 2
2364 1
2365 2
2366 1
2367 2
2368 2
2369 1
2370 2
2371 2
2372 1
2373 2
2374 2
2375 1
2376 2
2377 2
2378 1
2379 2
2380 2
2381 1
2382 2
2383 6
2384 2
2385 4
2386 4
2387 4
2388 4
2389 4
2390 4
2391 4
2392 4
2393 4
2394 4
2395 4
2396 4
2397 4
2398 4
2399 4
2400 4
2401 4
2402 4
2403 4
2404 4
2405 4
2406 4
2407 4
2408 4
2409 4
2410 4
2411 4
2412 4
2413 4
2414 4
2415 4
2416 4
2417 4
2418 4
2419 4
2420 4
2421 4
2422 4
2423 4
2424 4
2425 4
2426 4
2427 4
2428 4
2429 4
2430 4
2431 4
2432 4
2433 4
2434 4
2435 4
2436 4
2437 4
2438 4
2439 4
2440 4
2441 4
2442 4
2443 4
2444 4
2445 4
2446 4
2447 4
2448 4
2449 4
2450 4
2451 4
2452 4
2453 4
2454 4
2455 4
2456 4
2457 4
2458 4
2459 4
2460 4
2461 4
2462 4
2463 4
2464 4
2465 4
2466 4
2467 4
2468 4
2469 4
2470 4
2471 4
2472 4
2473 4
2474 4
2475 4
2476 4
2477 4
2478 4
2479 4
2480 4
2481 4
2482 4
2483 5
2484 4
2485 5
2486 5
2487 5
2488 4
2489 5
2490 4
2491 4
2492 4
2493 4
2494 4
2495 4
2496 4
2497 4
2498 4
2499 4
2500 4
2501 4
2502 4
2503 4
2504 4
2505 4
2506 4
2507 4
2508 4
2509 4
2510 4
2511 4
2512 4
2513 4
2514 4
2515 4
2516 4
2517 4
2518 4
2519 4
2520 4
2521 4
2522 4
2523 4
2524 4
2525 4
2526 4
2527 4
2528 4
2529 4
2530 4
2531 4
2532 4
2533 4
2534 4
2535 4
2536 4
2537 4
2538 4
2539 4
2540 4
2541 4
2542 4
2543 4
2544 4
2545 4
2546 4
2547 4
2548 4
2549 4
2550 4
2551 4
2552 4
2553 4
2554 4
2555 4
2556 4
2557 4
2558 4
2559 4
2560 4
2561 4
2562 4
2563 4
2564 4
2565 4
2566 4
2567 4
2568 4
2569 4
2570 4
2571 4
2572 4
2573 4
2574 4
2575 4
2576 4
2577 4
2578 4
2579 6
2580 6
2581 6
2582 6
2583 6
2584 6
2585 6
2586 6
2587 0
2588 4
2589 0
2590 2
2591 2
2592 2
2593 2
2594 2
2595 2
2596 2
2597 2
2598 2
2599 2
2600 2
2601 2
2602 2
2603 2
2604 2
2605 2
2606 2
2607 6
2608 2
2609 6
2610 2
2611 6
2612 2
2613 6
2614 6
2615 6
2616 6
2617 6
2618 6
2619 6
2620 6
2621 6
2622 6
2623 6
2624 6
2625 6
2626 6
2627 6
2628 6
2629 6
2630 2
2631 6
2632 1
2633 1
2634 1
2635 1
2636 1
2637 6
2638 6
2639 6
2640 6
2641 6
2642 6
2643 6
2644 6
2645 6
2646 2
2647 6
2648 4
2649 4
2650 4
2651 4
2652 4
2653 4
2654 4
2655 4
2656 4
2657 4
2658 4
2659 4
2660 4
2661 4
2662 4
2663 4
2664 4
2665 4
2666 4
2667 4
2668 4
2669 4
2670 4
2671 4
2672 4
2673 4
2674 4
2675 4
2676 4
2677 4
2678 4
2679 4
2680 4
2681 4
2682 4
2683 4
2684 4
2685 4
2686 4
2687 4
2688 4
2689 5
2690 5
2691 5
2692 5
2693 5
2694 5
2695 5
2696 5
2697 5
2698 5
2699 5
2700 5
2701 5
2702 5
2703 5
2704 5
2705 5
2706 6
2707 6
2708 6
2709 6
2710 6
2711 6
2712 6
2713 6
2714 6
2715 6
2716 6
2717 6
2718 6
2719 6
2720 6
2721 6
2722 6
2723 6
2724 7
2725 7
2726 7
2727 7
2728 7
2729 7
2730 7
2731 7
2732 7
2733 7
2734 7
2735 7
2736 7
2737 7
2738 7
2739 7
2740 7
2741 7
2742 7
2743 7
2744 7
2745 7
2746 7
2747 7
2748 7
2749 7
2750 7
2751 7
2752 7
2753 7
2754 7
2755 7
2756 7
2757 7
2758 7
2759 7
2760 7
2761 7
2762 7
2763 7
2764 7
2765 7
2766 5
2767 5
2768 5
2769 7
2770 5
2771 5
2772 5
2773 7
2774 5
2775 5
2776 5
2777 7
2778 5
2779 5
2780 5
2781 7
2782 5
2783 5
2784 5
2785 1
2786 5
2787 6
2788 6
2789 6
2790 6
2791 6
2792 6
2793 6
2794 6
2795 6
2796 6
2797 6
2798 2
2799 6
2800 2
2801 2
2802 2
2803 2
2804 2
2805 2
2806 2
2807 2
2808 2
2809 2
2810 2
2811 2
2812 2
2813 2
2814 2
2815 2
2816 2
2817 2
2818 2
2819 2
2820 2
2821 6
2822 2
2823 2
2824 2
2825 2
2826 2
2827 2
2828 2
2829 2
2830 2
2831 2
2832 2
2833 2
2834 2
2835 2
2836 2
2837 2
2838 2
2839 2
2840 2
2841 2
2842 2
2843 2
2844 2
2845 2
2846 2
2847 2
2848 2
2849 2
2850 2
2851 2
2852 2
2853 2
2854 2
2855 2
2856 2
2857 2
2858 2
2859 2
2860 2
2861 2
2862 2
2863 2
2864 2
2865 2
2866 2
2867 2
2868 2
2869 2
2870 2
2871 2
2872 2
2873 2
2874 2
2875 2
2876 2
2877 2
2878 2
2879 2
2880 4
2881 4
2882 4
2883 4
2884 4
2885 4
2886 4
2887 4
2888 4
2889 4
2890 4
2891 4
2892 4
2893 4
2894 4
2895 4
2896 4
2897 4
2898 4
2899 4
2900 4
2901 4
2902 4
2903 4
2904 4
2905 4
2906 4
2907 4
2908 4
2909 4
2910 4
2911 4
2912 4
2913 4
2914 4
2915 4
2916 4
2917 4
2918 4
2919 4
2920 4
2921 4
2922 4
2923 4
2924 4
2925 4
2926 4
2927 4
2928 4
2929 4
2930 4
2931 4
2932 4
2933 4
2934 4
2935 4
2936 4
2937 5
2938 4
2939 5
2940 5
2941 5
2942 5
2943 5
2944 5
2945 4
2946 5
2947 5
2948 5
2949 5
2950 6
2951 5
2952 6
2953 6
2954 5
2955 6
2956 5
2957 6
2958 6
2959 5
2960 6
2961 5
2962 6
2963 6
2964 5
2965 6
2966 6
2967 5
2968 6
2969 5
2970 6
2971 6
2972 5
2973 6
2974 4
2975 5
2976 5
2977 5
2978 5
2979 6
2980 6
2981 5
2982 6
2983 5
2984 6
2985 6
2986 5
2987 6
2988 6
2989 5
2990 6
2991 5
2992 6
2993 6
2994 5
2995 6
2996 5
2997 6
2998 6
2999 5
3000 6
3001 6
3002 5
3003 6
3004 5
3005 6
3006 6
3007 5
3008 6
3009 4
3010 5
3011 5
3012 5
3013 6
3014 6
3015 5
3016 6
3017 5
3018 6
3019 6
3020 5
3021 6
3022 6
3023 6
3024 6
3025 6
3026 6
3027 6
3028 7
3029 7
3030 6
3031 6
3032 6
3033 2
3034 6
3035 2
3036 2
3037 2
3038 2
3039 2
3040 2
3041 2
3042 2
3043 2
3044 2
3045 2
3046 2
3047 2
3048 2
3049 2
3050 2
3051 2
3052 2
3053 2
3054 0
3055 6
3056 2
3057 6
3058 2
3059 2
3060 2
3061 2
3062 2
3063 2
3064 2
3065 2
3066 2
3067 2
3068 2
3069 2
3070 2
3071 2
3072 2
3073 2
3074 2
3075 2
3076 2
3077 2
3078 2
3079 2
3080 2
3081 2
3082 2
3083 2
3084 2
3085 2
3086 2
3087 2
3088 2
3089 2
3090 4
3091 4
3092 4
3093 4
3094 4
3095 4
3096 4
3097 4
3098 4
3099 4
3100 4
3101 4
3102 4
3103 4
3104 4
3105 4
3106 4
3107 4
3108 4
3109 4
3110 4
3111 4
3112 4
3113 4
3114 4
3115 4
3116 4
3117 4
3118 4
3119 4
3120 4
3121 4
3122 4
3123 4
3124 4
3125 4
3126 4
3127 4
3128 4
3129 4
3130 4
3131 4
3132 4
3133 4
3134 4
3135 4
3136 4
3137 4
3138 4
3139 4
3140 4
3141 4
3142 4
3143 4
3144 4
3145 4
3146 4
3147 4
3148 5
3149 5
3150 5
3151 5
3152 5
3153 5
3154 5
3155 5
3156 6
3157 5
3158 6
3159 6
3160 5
3161 6
3162 6
3163 5
3164 6
3165 6
3166 5
3167 6
3168 6
3169 5
3170 6
3171 6
3172 5
3173 6
3174 6
3175 5
3176 6
3177 6
3178 5
3179 6
3180 6
3181 5
3182 6
3183 6
3184 2
3185 2
3186 2
3187 2
3188 2
3189 2
3190 2
3191 2
3192 2
3193 2
3194 2
3195 2
3196 2
3197 2
3198 2
3199 2
3200 2
3201 2
3202 2
3203 2
3204 7
3205 2
3206 6
3207 2
3208 6
3209 6
3210 2
3211 6
3212 0
3213 0
3214 0
3215 0
3216 0
3217 0
3218 0
3219 0
3220 0
3221 0
3222 0
3223 0
3224 0
3225 0
3226 0
3227 6
3228 6
3229 6
3230 6
3231 6
3232 6
3233 6
3234 6
3235 6
3236 6
3237 6
3238 6
3239 6
3240 6
3241 6
3242 6
3243 6
3244 6
3245 6
3246 6
3247 6
3248 6
3249 6
3250 6
3251 6
3252 6
3253 6
3254 6
3255 6
3256 6
3257 6
3258 6
3259 6
3260 2
3261 6
3262 2
3263 2
3264 2
3265 2
3266 2
3267 2
3268 2
3269 2
3270 2
3271 2
3272 2
3273 2
3274 4
3275 4
3276 4
3277 4
3278 4
3279 4
3280 4
3281 4
3282 4
3283 4
3284 4
3285 4
3286 4
3287 4
3288 4
3289 4
3290 4
3291 4
3292 4
3293 4
3294 4
3295 4
3296 4
3297 4
3298 4
3299 4
3300 4
3301 4
3302 4
3303 4
3304 4
3305 4
3306 4
3307 4
3308 4
3309 4
3310 4
3311 4
3312 4
3313 4
3314 4
3315 4
3316 4
3317 4
3318 4
3319 4
3320 4
3321 4
3322 4
3323 4
3324 4
3325 4
3326 4
3327 4
3328 4
3329 4
3330 4
3331 4
3332 4
3333 4
3334 4
3335 4
3336 4
3337 4
3338 4
3339 4
3340 4
3341 4
3342 4
3343 4
3344 4
3345 4
3346 4
3347 4
3348 4
3349 4
3350 4
3351 4
3352 4
3353 4
3354 4
3355 4
3356 4
3357 4
3358 4
3359 4
3360 4
3361 4
3362 4
3363 4
3364 4
3365 4
3366 4
3367 4
3368 4
3369 4
3370 4
3371 4
3372 4
3373 4
3374 4
3375 4
3376 4
3377 4
3378 4
3379 4
3380 4
3381 4
3382 4
3383 4
3384 4
3385 4
3386 4
3387 4
3388 4
3389 4
3390 4
3391 4
3392 4
3393 4
3394 4
3395 4
3396 4
3397 4
3398 4
3399 4
3400 4
3401 4
3402 4
3403 4
3404 4
3405 4
3406 4
3407 4
3408 4
3409 4
3410 4
3411 4
3412 4
3413 5
3414 6
3415 4
3416 2
3417 2
3418 2
3419 2
3420 2
3421 2
3422 2
3423 2
3424 2
3425 2
3426 2
3427 2
3428 2
3429 2
3430 2
3431 2
3432 2
3433 2
3434 2
3435 2
3436 2
3437 2
3438 2
3439 1
3440 2
3441 1
3442 2
3443 2
3444 1
3445 2
3446 1
3447 2
3448 2
3449 1
3450 2
3451 1
3452 2
3453 2
3454 1
3455 2
3456 6
3457 2
3458 7
3459 7
3460 7
3461 7
3462 6
3463 6
3464 6
3465 6
3466 6
3467 6
3468 6
3469 2
3470 6
3471 2
3472 2
3473 2
3474 2
3475 2
3476 2
3477 0
3478 6
3479 2
3480 6
3481 2
3482 2
3483 2
3484 2
3485 2
3486 2
3487 2
3488 2
3489 2
3490 2
3491 2
3492 2
3493 2
3494 2
3495 2
3496 2
3497 2
3498 2
3499 2
3500 2
3501 2
3502 2
3503 2
3504 2
3505 2
3506 2
3507 2
3508 2
3509 2
3510 2
3511 2
3512 2
3513 2
3514 2
3515 2
3516 2
3517 2
3518 2
3519 2
3520 2
3521 2
3522 2
3523 2
3524 2
3525 2
3526 2
3527 2
3528 2
3529 2
3530 2
3531 2
3532 0
3533 6
3534 2
3535 6
3536 2
3537 2
3538 2
3539 2
3540 2
3541 2
3542 2
3543 2
3544 2
3545 2
3546 2
3547 2
3548 2
3549 2
3550 2
3551 2
3552 2
3553 2
3554 2
3555 2
3556 2
3557 2
3558 2
3559 2
3560 2
3561 2
3562 2
3563 2
3564 2
3565 2
3566 2
3567 2
3568 2
3569 2
3570 2
3571 0
3572 6
3573 2
3574 6
3575 4
3576 4
3577 4
3578 4
3579 4
3580 4
3581 4
3582 4
3583 4
3584 4
3585 4
3586 4
3587 4
3588 4
3589 4
3590 4
3591 4
3592 4
3593 4
3594 4
3595 4
3596 4
3597 4
3598 4
3599 4
3600 4
3601 4
3602 4
3603 4
3604 4
3605 4
3606 4
3607 4
3608 4
3609 4
3610 4
3611 4
3612 4
3613 4
3614 4
3615 4
3616 4
3617 4
3618 4
3619 4
3620 4
3621 4
3622 4
3623 4
3624 4
3625 4
3626 4
3627 4
3628 4
3629 4
3630 4
3631 4
3632 4
3633 4
3634 4
3635 4
3636 4
3637 4
3638 4
3639 4
3640 4
3641 4
3642 4
3643 4
3644 4
3645 4
3646 4
3647 4
3648 4
3649 4
3650 4
3651 4
3652 4
3653 4
3654 4
3655 4
3656 4
3657 4
3658 4
3659 4
3660 4
3661 4
3662 4
3663 4
3664 4
3665 4
3666 4
3667 4
3668 4
3669 4
3670 4
3671 4
3672 4
3673 4
3674 4
3675 4
3676 4
3677 4
3678 4
3679 4
3680 4
3681 4
3682 4
3683 4
3684 4
3685 4
3686 4
3687 4
3688 4
3689 4
3690 4
3691 4
3692 4
3693 4
3694 4
3695 4
3696 4
3697 4
3698 4
3699 4
3700 4
3701 4
3702 4
3703 4
3704 4
3705 4
3706 4
3707 4
3708 4
3709 4
3710 4
3711 4
3712 4
3713 4
3714 4
3715 4
3716 4
3717 4
3718 4
3719 4
3720 4
3721 4
3722 4
3723 4
3724 4
3725 4
3726 4
3727 4
3728 4
3729 4
3730 4
3731 4
3732 4
3733 4
3734 4
3735 4
3736 4
3737 4
3738 4
3739 4
3740 4
3741 4
3742 4
3743 4
3744 4
3745 4
3746 4
3747 4
3748 4
3749 4
3750 4
3751 4
3752 4
3753 4
3754 4
3755 4
3756 4
3757 4
3758 4
3759 4
3760 4
3761 4
3762 4
3763 4
3764 4
3765 4
3766 4
3767 4
3768 4
3769 4
3770 4
3771 4
3772 4
3773 4
3774 6
3775 6
3776 6
3777 6
3778 6
3779 6
3780 6
3781 0
3782 4
3783 0
3784 6
3785 6
3786 6
3787 6
3788 6
3789 6
3790 6
3791 6
3792 6
3793 6
3794 6
3795 6
3796 6
3797 6
3798 2
3799 6
3800 6
3801 6
3802 6
3803 6
3804 6
3805 6
3806 6
3807 6
3808 6
3809 6
3810 6
3811 6
3812 6
3813 6
3814 6
3815 6
3816 6
3817 6
3818 6
3819 6
3820 6
3821 6
3822 6
3823 6
3824 4
3825 4
3826 4
3827 4
3828 6
3829 4
3830 4
3831 4
3832 4
3833 4
3834 4
3835 6
3836 4
3837 4
3838 4
3839 6
3840 4
3841 4
3842 6
3843 4
3844 4
3845 6
3846 4
3847 4
3848 6
3849 4
3850 6
3851 4
3852 4
3853 6
3854 4
3855 6
3856 4
3857 6
3858 4
3859 6
3860 4
3861 6
3862 4
3863 6
3864 4
3865 6
3866 4
3867 6
3868 4
3869 6
3870 4
3871 6
3872 6
3873 4
3874 6
3875 6
3876 4
3877 6
3878 6
3879 4
3880 6
3881 2
3882 6
3883 2
3884 2
3885 2
3886 2
3887 2
3888 2
3889 2
3890 2
3891 2
3892 2
3893 2
3894 2
3895 2
3896 2
3897 2
3898 2
3899 2
3900 2
3901 2
3902 2
3903 7
3904 6
3905 2
3906 6
3907 2
3908 2
3909 2
3910 2
3911 2
3912 2
3913 2
3914 2
3915 2
3916 2
3917 2
3918 2
3919 2
3920 2
3921 2
3922 2
3923 2
3924 2
3925 2
3926 2
3927 2
3928 2
3929 2
3930 2
3931 2
3932 4
3933 4
3934 4
3935 4
3936 4
3937 4
3938 4
3939 4
3940 4
3941 4
3942 4
3943 4
3944 4
3945 4
3946 4
3947 4
3948 4
3949 4
3950 4
3951 4
3952 4
3953 4
3954 4
3955 4
3956 4
3957 4
3958 4
3959 4
3960 4
3961 4
3962 4
3963 4
3964 4
3965 4
3966 4
3967 4
3968 4
3969 4
3970 4
3971 4
3972 4
3973 4
3974 4
3975 4
3976 4
3977 4
3978 4
3979 4
3980 4
3981 4
3982 4
3983 4
3984 4
3985 4
3986 4
3987 4
3988 4
3989 4
3990 4
3991 4
3992 4
3993 4
3994 4
3995 4
3996 4
3997 4
3998 4
3999 4
4000 4
4001 4
4002 4
4003 4
4004 4
4005 4
4006 4
4007 4
4008 4
4009 4
4010 4
4011 4
4012 4
4013 4
4014 4
4015 4
4016 4
4017 4
4018 4
4019 4
4020 5
4021 5
4022 4
4023 5
4024 5
4025 4
4026 5
4027 5
4028 4
4029 5
4030 4
4031 5
4032 5
4033 4
4034 5
4035 4
4036 5
4037 4
4038 5
4039 4
4040 5
4041 5
4042 4
4043 5
4044 4
4045 5
4046 4
4047 4
4048 5
4049 4
4050 5
4051 4
4052 5
4053 4
4054 4
4055 4
4056 4
4057 4
4058 4
4059 4
4060 4
4061 4
4062 4
4063 4
4064 4
4065 4
4066 4
4067 4
4068 4
4069 4
4070 4
4071 4
4072 4
4073 4
4074 4
4075 4
4076 4
4077 4
4078 4
4079 4
4080 4
4081 4
4082 4
4083 4
4084 4
4085 4
4086 4
4087 4
4088 4
4089 4
4090 4
4091 4
4092 4
4093 4
4094 4
4095 4
4096 4
4097 4
4098 4
4099 4
4100 4
4101 4
4102 4
4103 4
4104 4
4105 4
4106 4
4107 4
4108 4
4109 4
4110 4
4111 4
4112 4
4113 4
4114 4
4115 4
4116 4
4117 4
4118 4
4119 4
4120 4
4121 4
4122 4
4123 4
4124 4
4125 4
4126 4
4127 4
4128 4
4129 4
4130 4
4131 4
4132 4
4133 4
4134 6
4135 6
4136 6
4137 6
4138 4
4139 6
4140 6
4141 6
4142 6
4143 4
4144 6
4145 6
4146 6
4147 6
4148 6
4149 6
4150 4
4151 6
4152 6
4153 6
4154 6
4155 6
4156 6
4157 6
4158 6
4159 4
4160 2
4161 6
4162 2
4163 4
4164 4
4165 4
4166 4
4167 4
4168 4
4169 4
4170 4
4171 4
4172 4
4173 4
4174 4
4175 4
4176 4
4177 4
4178 4
4179 4
4180 4
4181 4
4182 4
4183 4
4184 4
4185 4
4186 4
4187 4
4188 4
4189 4
4190 4
4191 4
4192 4
4193 4
4194 4
4195 4
4196 4
4197 4
4198 4
4199 4
4200 4
4201 4
4202 4
4203 4
4204 4
4205 4
4206 4
4207 4
4208 4
4209 4
4210 4
4211 4
4212 4
4213 4
4214 4
4215 4
4216 4
4217 4
4218 4
4219 4
4220 4
4221 4
4222 4
4223 4
4224 4
4225 4
4226 6
4227 4
4228 6
4229 4
4230 6
4231 4
4232 6
4233 4
4234 6
4235 4
4236 6
4237 4
4238 6
4239 4
4240 6
4241 4
4242 6
4243 4
4244 6
4245 4
4246 6
4247 6
4248 4
4249 6
4250 4
4251 6
4252 4
4253 6
4254 4
4255 6
4256 4
4257 6
4258 4
4259 6
4260 6
4261 4
4262 6
4263 4
4264 6
4265 4
4266 6
4267 4
4268 6
4269 6
4270 4
4271 6
4272 4
4273 6
4274 4
4275 6
4276 4
4277 6
4278 6
4279 4
4280 6
4281 4
4282 6
4283 4
4284 6
4285 6
4286 4
4287 6
4288 4
4289 6
4290 4
4291 6
4292 4
4293 6
4294 6
4295 2
4296 6
4297 4
4298 4
4299 4
4300 4
4301 4
4302 4
4303 4
4304 4
4305 4
4306 4
4307 4
4308 4
4309 4
4310 4
4311 4
4312 4
4313 4
4314 4
4315 4
4316 4
4317 4
4318 4
4319 4
4320 4
4321 4
4322 4
4323 4
4324 6
4325 4
4326 4
4327 6
4328 4
4329 4
4330 6
4331 4
4332 4
4333 6
4334 4
4335 4
4336 6
4337 4
4338 6
4339 4
4340 4
4341 6
4342 4
4343 6
4344 4
4345 4
4346 6
4347 4
4348 6
4349 4
4350 6
4351 4
4352 6
4353 4
4354 6
4355 4
4356 4
4357 6
4358 4
4359 6
4360 4
4361 6
4362 4
4363 6
4364 4
4365 6
4366 4
4367 6
4368 4
4369 6
4370 4
4371 6
4372 4
4373 6
4374 6
4375 4
4376 6
4377 4
4378 6
4379 4
4380 6
4381 4
4382 6
4383 4
4384 6
4385 6
4386 4
4387 6
4388 4
4389 6
4390 4
4391 6
4392 6
4393 4
4394 6
4395 4
4396 6
4397 6
4398 4
4399 6
4400 4
4401 6
4402 6
4403 4
4404 6
4405 4
4406 6
4407 6
4408 4
4409 6
4410 6
4411 4
4412 6
4413 4
4414 6
4415 2
4416 6
4417 4
4418 4
4419 4
4420 4
4421 4
4422 4
4423 4
4424 4
4425 4
4426 4
4427 4
4428 4
4429 4
4430 4
4431 4
4432 4
4433 4
4434 4
4435 4
4436 4
4437 4
4438 4
4439 4
4440 4
4441 4
4442 4
4443 4
4444 4
4445 4
4446 4
4447 4
4448 4
4449 4
4450 4
4451 4
4452 4
4453 4
4454 4
4455 4
4456 4
4457 4
4458 4
4459 4
4460 4
4461 4
4462 4
4463 4
4464 4
4465 4
4466 4
4467 4
4468 4
4469 4
4470 4
4471 4
4472 4
4473 4
4474 4
4475 4
4476 4
4477 4
4478 4
4479 4
4480 4
4481 4
4482 4
4483 4
4484 4
4485 4
4486 4
4487 4
4488 4
4489 4
4490 4
4491 4
4492 4
4493 4
4494 4
4495 4
4496 4
4497 4
4498 4
4499 4
4500 4
4501 4
4502 4
4503 6
4504 4
4505 6
4506 4
4507 6
4508 4
4509 6
4510 4
4511 6
4512 4
4513 6
4514 4
4515 6
4516 6
4517 4
4518 6
4519 4
4520 6
4521 4
4522 6
4523 4
4524 6
4525 4
4526 6
4527 4
4528 6
4529 6
4530 4
4531 6
4532 4
4533 6
4534 4
4535 6
4536 4
4537 6
4538 4
4539 6
4540 6
4541 4
4542 6
4543 4
4544 6
4545 4
4546 6
4547 4
4548 6
4549 4
4550 6
4551 4
4552 6
4553 4
4554 6
4555 6
4556 4
4557 6
4558 4
4559 6
4560 4
4561 6
4562 4
4563 6
4564 4
4565 6
4566 4
4567 6
4568 4
4569 6
4570 4
4571 6
4572 4
4573 6
4574 4
4575 6
4576 4
4577 6
4578 4
4579 6
4580 4
4581 6
4582 4
4583 6
4584 4
4585 6
4586 4
4587 6
4588 4
4589 6
4590 4
4591 4
4592 6
4593 4
4594 6
4595 4
4596 6
4597 4
4598 6
4599 4
4600 4
4601 6
4602 4
4603 6
4604 4
4605 6
4606 4
4607 4
4608 6
4609 4
4610 6
4611 4
4612 4
4613 6
4614 4
4615 6
4616 4
4617 2
4618 6
4619 2
4620 2
4621 2
4622 2
4623 2
4624 2
4625 2
4626 2
4627 2
4628 2
4629 2
4630 2
4631 2
4632 2
4633 2
4634 2
4635 2
4636 2
4637 2
4638 2
4639 2
4640 2
4641 2
4642 2
4643 2
4644 2
4645 4
4646 4
4647 4
4648 4
4649 4
4650 4
4651 4
4652 4
4653 4
4654 4
4655 4
4656 4
4657 4
4658 4
4659 4
4660 4
4661 4
4662 4
4663 4
4664 4
4665 4
4666 4
4667 4
4668 4
4669 4
4670 4
4671 4
4672 4
4673 4
4674 4
4675 4
4676 4
4677 4
4678 4
4679 4
4680 4
4681 4
4682 4
4683 4
4684 4
4685 4
4686 4
4687 4
4688 4
4689 4
4690 4
4691 4
4692 4
4693 4
4694 4
4695 4
4696 4
4697 4
4698 4
4699 4
4700 4
4701 4
4702 4
4703 4
4704 4
4705 4
4706 4
4707 4
4708 4
4709 4
4710 4
4711 4
4712 4
4713 4
4714 4
4715 4
4716 4
4717 4
4718 4
4719 4
4720 4
4721 4
4722 4
4723 4
4724 4
4725 4
4726 4
4727 4
4728 4
4729 4
4730 4
4731 4
4732 4
4733 4
4734 4
4735 4
4736 4
4737 4
4738 4
4739 4
4740 4
4741 5
4742 5
4743 4
4744 5
4745 4
4746 5
4747 4
4748 5
4749 5
4750 4
4751 5
4752 4
4753 5
4754 4
4755 5
4756 4
4757 5
4758 4
4759 5
4760 4
4761 5
4762 4
4763 4
4764 5
4765 4
4766 4
4767 4
4768 4
4769 4
4770 4
4771 4
4772 4
4773 4
4774 4
4775 4
4776 4
4777 4
4778 4
4779 4
4780 4
4781 4
4782 4
4783 4
4784 4
4785 4
4786 4
4787 4
4788 4
4789 4
4790 4
4791 4
4792 4
4793 4
4794 4
4795 4
4796 4
4797 4
4798 4
4799 4
4800 4
4801 4
4802 4
4803 4
4804 4
4805 4
4806 4
4807 4
4808 4
4809 4
4810 4
4811 4
4812 4
4813 4
4814 4
4815 4
4816 4
4817 4
4818 4
4819 4
4820 4
4821 4
4822 4
4823 4
4824 4
4825 4
4826 4
4827 4
4828 4
4829 4
4830 4
4831 4
4832 4
4833 4
4834 4
4835 4
4836 4
4837 4
4838 4
4839 4
4840 4
4841 4
4842 4
4843 4
4844 4
4845 6
4846 6
4847 6
4848 4
4849 6
4850 6
4851 6
4852 6
4853 6
4854 6
4855 6
4856 6
4857 4
4858 6
4859 6
4860 6
4861 6
4862 6
4863 2
4864 6
4865 2
4866 2
4867 2
4868 2
4869 2
4870 2
4871 2
4872 2
4873 2
4874 2
4875 2
4876 2
4877 2
4878 2
4879 2
4880 2
4881 2
4882 2
4883 2
4884 2
4885 2
4886 2
4887 2
4888 2
4889 2
4890 2
4891 2
4892 2
4893 2
4894 2
4895 2
4896 2
4897 2
4898 2
4899 4
4900 4
4901 4
4902 4
4903 4
4904 4
4905 4
4906 4
4907 4
4908 4
4909 4
4910 4
4911 4
4912 4
4913 4
4914 4
4915 4
4916 4
4917 4
4918 4
4919 4
4920 4
4921 4
4922 4
4923 4
4924 4
4925 4
4926 4
4927 4
4928 4
4929 4
4930 4
4931 4
4932 4
4933 4
4934 4
4935 4
4936 4
4937 4
4938 4
4939 4
4940 4
4941 4
4942 4
4943 4
4944 4
4945 4
4946 4
4947 4
4948 4
4949 4
4950 4
4951 4
4952 4
4953 4
4954 4
4955 4
4956 4
4957 4
4958 4
4959 4
4960 4
4961 4
4962 4
4963 4
4964 4
4965 4
4966 4
4967 4
4968 4
4969 4
4970 4
4971 4
4972 4
4973 4
4974 4
4975 4
4976 4
4977 4
4978 4
4979 4
4980 4
4981 4
4982 4
4983 4
4984 4
4985 4
4986 4
4987 4
4988 4
4989 4
4990 4
4991 4
4992 4
4993 4
4994 4
4995 4
4996 4
4997 4
4998 4
4999 4
5000 4
5001 5
5002 4
5003 5
5004 4
5005 5
5006 4
5007 5
5008 4
5009 5
5010 4
5011 5
5012 4
5013 4
5014 5
5015 6
5016 5
5017 6
5018 6
5019 5
5020 6
5021 4
5022 5
5023 6
5024 6
5025 5
5026 6
5027 5
5028 6
5029 4
5030 5
5031 6
5032 6
5033 5
5034 6
5035 4
5036 5
5037 6
5038 6
5039 5
5040 6
5041 4
5042 5
5043 6
5044 5
5045 6
5046 6
5047 5
5048 6
5049 4
5050 5
5051 6
5052 6
5053 5
5054 6
5055 4
5056 5
5057 6
5058 6
5059 5
5060 6
5061 4
5062 5
5063 6
5064 6
5065 5
5066 6
5067 4
5068 5
5069 6
5070 6
5071 5
5072 4
5073 2
5074 2
5075 2
5076 2
5077 2
5078 2
5079 2
5080 2
5081 2
5082 2
5083 2
5084 2
5085 2
5086 2
5087 2
5088 2
5089 2
5090 2
5091 2
5092 2
5093 2
5094 2
5095 2
5096 2
5097 2
5098 2
5099 2
5100 2
5101 2
5102 2
5103 2
5104 2
5105 2
5106 2
5107 2
5108 2
5109 2
5110 2
5111 2
5112 2
5113 2
5114 2
5115 2
5116 2
5117 2
5118 2
5119 2
5120 2
5121 2
5122 2
5123 2
5124 2
5125 2
5126 4
5127 4
5128 4
5129 4
5130 4
5131 4
5132 4
5133 4
5134 4
5135 4
5136 4
5137 4
5138 4
5139 4
5140 4
5141 4
5142 4
5143 4
5144 4
5145 4
5146 4
5147 4
5148 4
5149 4
5150 4
5151 4
5152 4
5153 4
5154 4
5155 4
5156 4
5157 4
5158 4
5159 4
5160 4
5161 4
5162 4
5163 4
5164 4
5165 4
5166 4
5167 4
5168 4
5169 4
5170 4
5171 4
5172 4
5173 5
5174 5
5175 5
5176 5
5177 5
5178 5
5179 5
5180 5
5181 5
5182 5
5183 5
5184 5
5185 5
5186 5
5187 5
5188 5
5189 5
5190 5
5191 6
5192 5
5193 6
5194 5
5195 6
5196 6
5197 5
5198 6
5199 5
5200 6
5201 6
5202 5
5203 6
5204 6
5205 5
5206 6
5207 5
5208 6
5209 6
5210 5
5211 6
5212 5
5213 6
5214 6
5215 5
5216 6
5217 6
5218 5
5219 6
5220 5
5221 6
5222 6
5223 5
5224 6
5225 5
5226 6
5227 6
5228 5
5229 6
5230 6
5231 5
5232 6
5233 5
5234 6
5235 6
5236 5
5237 6
5238 6
5239 6
5240 6
5241 6
5242 6
5243 6
5244 6
5245 7
5246 7
5247 7
5248 7
5249 7
5250 7
5251 7
5252 7
5253 7
5254 7
5255 7
5256 7
5257 7
5258 7
5259 7
5260 7
5261 7
5262 2
5263 7
5264 2
5265 7
5266 2
5267 7
5268 7
5269 2
5270 7
5271 2
5272 7
5273 2
5274 7
5275 2
5276 7
5277 2
5278 7
5279 2
5280 7
5281 2
5282 7
5283 2
5284 7
5285 2
5286 7
5287 2
5288 2
5289 7
5290 2
5291 7
5292 2
5293 7
5294 2
5295 2
5296 6
5297 2
5298 4
5299 4
5300 4
5301 4
5302 4
5303 4
5304 4
5305 4
5306 4
5307 4
5308 4
5309 4
5310 4
5311 4
5312 4
5313 4
5314 4
5315 4
5316 4
5317 4
5318 4
5319 4
5320 4
5321 4
5322 4
5323 4
5324 4
5325 4
5326 4
5327 4
5328 4
5329 4
5330 4
5331 4
5332 4
5333 4
5334 4
5335 4
5336 4
5337 4
5338 4
5339 4
5340 4
5341 4
5342 4
5343 4
5344 4
5345 4
5346 4
5347 4
5348 4
5349 4
5350 4
5351 4
5352 4
5353 4
5354 4
5355 4
5356 4
5357 4
5358 4
5359 4
5360 4
5361 4
5362 4
5363 4
5364 4
5365 4
5366 4
5367 4
5368 4
5369 4
5370 4
5371 4
5372 4
5373 4
5374 4
5375 4
5376 6
5377 4
5378 6
5379 4
5380 6
5381 4
5382 6
5383 4
5384 6
5385 6
5386 4
5387 6
5388 4
5389 6
5390 4
5391 6
5392 4
5393 6
5394 4
5395 6
5396 4
5397 5
5398 6
5399 6
5400 6
5401 4
5402 5
5403 5
5404 5
5405 5
5406 6
5407 6
5408 6
5409 6
5410 6
5411 6
5412 4
5413 5
5414 6
5415 6
5416 4
5417 5
5418 5
5419 5
5420 5
5421 6
5422 6
5423 6
5424 6
5425 6
5426 6
5427 4
5428 5
5429 6
5430 6
5431 6
5432 4
5433 5
5434 5
5435 5
5436 6
5437 6
5438 6
5439 6
5440 4
5441 6
5442 4
5443 5
5444 5
5445 5
5446 5
5447 5
5448 6
5449 6
5450 6
5451 6
5452 6
5453 6
5454 6
5455 4
5456 6
5457 4
5458 6
5459 4
5460 5
5461 5
5462 5
5463 5
5464 6
5465 6
5466 6
5467 6
5468 6
5469 4
5470 6
5471 4
5472 6
5473 4
5474 5
5475 5
5476 6
5477 6
5478 6
5479 4
5480 6
5481 4
5482 5
5483 6
5484 6
5485 4
5486 6
5487 4
5488 5
5489 5
5490 5
5491 5
5492 5
5493 6
5494 6
5495 6
5496 6
5497 6
5498 6
5499 4
5500 6
5501 4
5502 6
5503 4
5504 6
5505 4
5506 4
5507 6
5508 4
5509 2
5510 2
5511 2
5512 2
5513 2
5514 2
5515 2
5516 2
5517 2
5518 2
5519 2
5520 2
5521 2
5522 2
5523 2
5524 2
5525 2
5526 7
5527 6
5528 2
5529 6
5530 0
5531 0
5532 0
5533 0
5534 0
5535 0
5536 0
5537 0
5538 6
5539 6
5540 6
5541 6
5542 6
5543 6
5544 6
5545 6
5546 6
5547 6
5548 6
5549 6
5550 6
5551 6
5552 6
5553 6
5554 6
5555 6
5556 6
5557 6
5558 6
5559 6
5560 2
5561 6
5562 6
5563 6
5564 6
5565 6
5566 6
5567 6
5568 6
5569 6
5570 6
5571 6
5572 6
5573 6
5574 6
5575 6
5576 6
5577 6
5578 6
5579 2
5580 6
5581 2
5582 2
5583 2
5584 2
5585 2
5586 2
5587 2
5588 2
5589 2
5590 2
5591 2
5592 2
5593 2
5594 2
5595 2
5596 2
5597 2
5598 4
5599 4
5600 4
5601 4
5602 4
5603 4
5604 4
5605 4
5606 4
5607 4
5608 4
5609 4
5610 4
5611 4
5612 4
5613 4
5614 4
5615 4
5616 4
5617 4
5618 4
5619 4
5620 4
5621 4
5622 4
5623 4
5624 4
5625 4
5626 4
5627 4
5628 4
5629 4
5630 4
5631 4
5632 4
5633 4
5634 4
5635 4
5636 4
5637 4
5638 4
5639 4
5640 4
5641 4
5642 4
5643 4
5644 4
5645 4
5646 4
5647 4
5648 4
5649 4
5650 4
5651 4
5652 4
5653 4
5654 4
5655 4
5656 4
5657 4
5658 4
5659 4
5660 4
5661 4
5662 4
5663 4
5664 4
5665 4
5666 4
5667 4
5668 4
5669 4
5670 4
5671 4
5672 4
5673 4
5674 4
5675 4
5676 4
5677 4
5678 4
5679 4
5680 4
5681 4
5682 4
5683 4
5684 4
5685 4
5686 4
5687 4
5688 4
5689 4
5690 4
5691 5
5692 4
5693 5
5694 5
5695 4
5696 5
5697 5
5698 4
5699 5
5700 4
5701 5
5702 5
5703 4
5704 5
5705 4
5706 5
5707 4
5708 5
5709 5
5710 4
5711 5
5712 4
5713 5
5714 4
5715 5
5716 4
5717 5
5718 4
5719 5
5720 4
5721 4
5722 5
5723 4
5724 5
5725 6
5726 4
5727 5
5728 6
5729 5
5730 6
5731 6
5732 5
5733 6
5734 4
5735 5
5736 6
5737 6
5738 5
5739 6
5740 4
5741 5
5742 6
5743 6
5744 5
5745 6
5746 4
5747 5
5748 6
5749 5
5750 6
5751 4
5752 5
5753 6
5754 6
5755 5
5756 6
5757 4
5758 5
5759 6
5760 6
5761 5
5762 6
5763 4
5764 5
5765 6
5766 4
5767 5
5768 6
5769 6
5770 5
5771 6
5772 4
5773 5
5774 6
5775 6
5776 5
5777 4
5778 6
5779 5
5780 6
5781 4
5782 5
5783 6
5784 6
5785 5
5786 4
5787 6
5788 5
5789 6
5790 4
5791 6
5792 5
5793 4
5794 6
5795 5
5796 6
5797 4
5798 5
5799 6
5800 4
5801 5
5802 6
5803 6
5804 5
5805 4
5806 6
5807 4
5808 5
5809 6
5810 6
5811 5
5812 4
5813 6
5814 4
5815 5
5816 6
5817 6
5818 5
5819 4
5820 6
5821 5
5822 4
5823 6
5824 4
5825 5
5826 6
5827 6
5828 5
5829 4
5830 6
5831 4
5832 5
5833 6
5834 4
5835 6
5836 5
5837 4
5838 6
5839 4
5840 5
5841 6
5842 4
5843 6
5844 5
5845 4
5846 6
5847 2
5848 6
5849 2
5850 6
5851 0
5852 0
5853 0
5854 0
5855 0
5856 0
5857 0
5858 0
5859 0
5860 6
5861 6
5862 6
5863 6
5864 6
5865 6
5866 6
5867 6
5868 6
5869 6
5870 6
5871 6
5872 6
5873 6
5874 6
5875 6
5876 6
5877 6
5878 6
5879 6
5880 6
5881 6
5882 6
5883 6
5884 6
5885 2
5886 6
5887 4
5888 4
5889 4
5890 4
5891 4
5892 4
5893 4
5894 4
5895 4
5896 4
5897 4
5898 4
5899 4
5900 4
5901 4
5902 4
5903 4
5904 4
5905 4
5906 4
5907 4
5908 4
5909 4
5910 4
5911 4
5912 4
5913 4
5914 4
5915 4
5916 4
5917 4
5918 4
5919 4
5920 4
5921 4
5922 4
5923 4
5924 4
5925 4
5926 4
5927 4
5928 4
5929 4
5930 4
5931 4
5932 4
5933 4
5934 4
5935 4
5936 4
5937 4
5938 4
5939 4
5940 4
5941 4
5942 4
5943 4
5944 4
5945 4
5946 4
5947 4
5948 4
5949 4
5950 4
5951 4
5952 4
5953 4
5954 4
5955 4
5956 4
5957 4
5958 4
5959 4
5960 4
5961 4
5962 4
5963 4
5964 4
5965 4
5966 4
5967 4
5968 4
5969 4
5970 4
5971 4
5972 4
5973 4
5974 4
5975 4
5976 4
5977 4
5978 4
5979 4
5980 4
5981 4
5982 4
5983 4
5984 4
5985 4
5986 4
5987 4
5988 4
5989 4
5990 4
5991 4
5992 4
5993 4
5994 4
5995 4
5996 4
5997 4
5998 4
5999 4
6000 4
6001 4
6002 4
6003 4
6004 4
6005 4
6006 4
6007 4
6008 4
6009 4
6010 4
6011 4
6012 4
6013 4
6014 4
6015 4
6016 4
6017 4
6018 4
6019 4
6020 4
6021 4
6022 4
6023 4
6024 4
6025 4
6026 4
6027 4
6028 4
6029 4
6030 4
6031 4
6032 4
6033 4
6034 4
6035 4
6036 4
6037 4
6038 4
6039 4
6040 4
6041 4
6042 4
6043 4
6044 4
6045 4
6046 4
6047 4
6048 4
6049 4
6050 4
6051 4
6052 4
6053 4
6054 6
6055 6
6056 6
6057 6
6058 6
6059 6
6060 6
6061 6
6062 6
6063 6
6064 6
6065 6
6066 6
6067 6
6068 6
6069 6
6070 6
6071 6
6072 2
6073 6
6074 2
6075 2
6076 2
6077 2
6078 2
6079 2
6080 2
6081 2
6082 2
6083 2
6084 2
6085 2
6086 2
6087 2
6088 2
6089 2
6090 2
6091 2
6092 2
6093 2
6094 2
6095 2
6096 2
6097 2
6098 2
6099 2
6100 2
6101 2
6102 2
6103 2
6104 2
6105 2
6106 2
6107 2
6108 2
6109 2
6110 2
6111 2
6112 2
6113 2
6114 2
6115 2
6116 2
6117 2
6118 2
6119 2
6120 2
6121 2
6122 2
6123 2
6124 2
6125 2
6126 2
6127 2
6128 2
6129 2
6130 2
6131 2
6132 2
6133 2
6134 2
6135 2
6136 2
6137 2
6138 2
6139 2
6140 2
6141 2
6142 2
6143 2
6144 2
6145 2
6146 2
6147 2
6148 2
6149 0
6150 6
6151 2
6152 6
6153 2
6154 2
6155 2
6156 2
6157 2
6158 2
6159 2
6160 2
6161 2
6162 2
6163 2
6164 2
6165 2
6166 2
6167 2
6168 2
6169 4
6170 4
6171 4
6172 4
6173 4
6174 4
6175 4
6176 4
6177 4
6178 4
6179 4
6180 4
6181 4
6182 4
6183 4
6184 4
6185 4
6186 4
6187 4
6188 4
6189 4
6190 4
6191 4
6192 4
6193 4
6194 4
6195 4
6196 4
6197 4
6198 4
6199 4
6200 4
6201 4
6202 4
6203 4
6204 4
6205 4
6206 4
6207 4
6208 4
6209 4
6210 4
6211 4
6212 4
6213 4
6214 4
6215 4
6216 4
6217 4
6218 4
6219 4
6220 4
6221 4
6222 4
6223 4
6224 4
6225 4
6226 4
6227 4
6228 4
6229 4
6230 4
6231 4
6232 4
6233 4
6234 4
6235 4
6236 4
6237 4
6238 4
6239 4
6240 4
6241 4
6242 4
6243 4
6244 4
6245 4
6246 4
6247 4
6248 4
6249 4
6250 4
6251 4
6252 4
6253 4
6254 4
6255 4
6256 4
6257 4
6258 4
6259 4
6260 4
6261 4
6262 6
6263 2
6264 6
6265 6
6266 6
6267 6
6268 6
6269 6
6270 6
6271 6
6272 6
6273 6
6274 6
6275 6
6276 6
6277 6
6278 6
6279 6
6280 6
6281 6
6282 6
6283 6
6284 6
6285 6
6286 6
6287 6
6288 6
6289 6
6290 6
6291 6
6292 6
6293 2
6294 6
6295 4
6296 4
6297 4
6298 4
6299 4
6300 4
6301 4
6302 4
6303 4
6304 4
6305 4
6306 4
6307 4
6308 4
6309 4
6310 4
6311 4
6312 4
6313 4
6314 4
6315 4
6316 4
6317 4
6318 4
6319 4
6320 4
6321 4
6322 4
6323 4
6324 4
6325 4
6326 4
6327 4
6328 4
6329 4
6330 4
6331 4
6332 4
6333 4
6334 4
6335 4
6336 4
6337 4
6338 4
6339 4
6340 4
6341 4
6342 4
6343 4
6344 4
6345 4
6346 4
6347 4
6348 4
6349 4
6350 4
6351 4
6352 4
6353 4
6354 4
6355 4
6356 4
6357 4
6358 4
6359 4
6360 4
6361 4
6362 4
6363 4
6364 4
6365 4
6366 4
6367 4
6368 4
6369 4
6370 4
6371 4
6372 4
6373 4
6374 4
6375 4
6376 4
6377 4
6378 4
6379 4
6380 4
6381 4
6382 4
6383 4
6384 4
6385 4
6386 4
6387 4
6388 4
6389 4
6390 4
6391 4
6392 4
6393 4
6394 4
6395 4
6396 4
6397 4
6398 4
6399 4
6400 4
6401 4
6402 4
6403 4
6404 4
6405 4
6406 4
6407 4
6408 4
6409 4
6410 4
6411 4
6412 4
6413 4
6414 4
6415 4
6416 4
6417 4
6418 4
6419 4
6420 4
6421 4
6422 4
6423 4
6424 4
6425 4
6426 4
6427 4
6428 4
6429 4
6430 4
6431 4
6432 4
6433 4
6434 4
6435 4
6436 4
6437 4
6438 4
6439 4
6440 4
6441 4
6442 4
6443 4
6444 4
6445 4
6446 4
6447 4
6448 4
6449 4
6450 4
6451 4
6452 4
6453 4
6454 4
6455 4
6456 4
6457 4
6458 4
6459 4
6460 4
6461 4
6462 4
6463 4
6464 4
6465 4
6466 4
6467 4
6468 4
6469 4
6470 4
6471 4
6472 4
6473 4
6474 4
6475 4
6476 4
6477 4
6478 4
6479 6
6480 6
6481 6
6482 6
6483 6
6484 6
6485 6
6486 6
6487 6
6488 6
6489 6
6490 6
6491 6
6492 6
6493 6
6494 6
6495 6
6496 6
6497 6
6498 6
6499 6
6500 6
6501 6
6502 6
6503 0
6504 6
6505 6
6506 0
6507 6
6508 0
6509 6
6510 6
6511 0
6512 6
6513 0
6514 6
6515 6
6516 0
6517 6
6518 0
6519 6
6520 6
6521 0
6522 6
6523 0
6524 4
6525 0
6526 6
6527 6
6528 6
6529 6
6530 6
6531 6
6532 6
6533 6
6534 6
6535 6
6536 6
6537 6
6538 2
6539 6
6540 4
6541 4
6542 4
6543 4
6544 4
6545 4
6546 4
6547 4
6548 4
6549 4
6550 4
6551 4
6552 4
6553 4
6554 4
6555 4
6556 4
6557 4
6558 4
6559 4
6560 4
6561 4
6562 4
6563 4
6564 4
6565 4
6566 4
6567 4
6568 4
6569 4
6570 4
6571 4
6572 4
6573 4
6574 4
6575 4
6576 4
6577 4
6578 4
6579 4
6580 4
6581 4
6582 4
6583 4
6584 4
6585 4
6586 4
6587 4
6588 4
6589 4
6590 4
6591 5
6592 5
6593 5
6594 5
6595 5
6596 5
6597 5
6598 5
6599 0
6600 6
6601 6
6602 6
6603 6
6604 6
6605 6
6606 4
6607 5
6608 5
6609 5
6610 5
6611 0
6612 6
6613 6
6614 6
6615 6
6616 6
6617 6
6618 4
6619 4
6620 6
6621 4
6622 6
6623 4
6624 6
6625 4
6626 5
6627 5
6628 5
6629 5
6630 5
6631 5
6632 5
6633 5
6634 5
6635 0
6636 0
6637 6
6638 6
6639 6
6640 6
6641 6
6642 6
6643 6
6644 6
6645 6
6646 6
6647 6
6648 4
6649 6
6650 4
6651 6
6652 4
6653 6
6654 4
6655 6
6656 4
6657 6
6658 4
6659 4
6660 6
6661 4
6662 6
6663 4
6664 6
6665 4
6666 6
6667 4
6668 6
6669 4
6670 5
6671 5
6672 5
6673 5
6674 5
6675 5
6676 5
6677 5
6678 5
6679 5
6680 5
6681 5
6682 5
6683 5
6684 5
6685 5
6686 5
6687 5
6688 5
6689 5
6690 0
6691 0
6692 0
6693 6
6694 6
6695 6
6696 6
6697 6
6698 6
6699 6
6700 6
6701 6
6702 6
6703 6
6704 6
6705 6
6706 6
6707 6
6708 6
6709 6
6710 6
6711 6
6712 6
6713 6
6714 1
6715 1
6716 6
6717 6
6718 6
6719 6
6720 5
6721 6
6722 5
6723 6
6724 5
6725 6
6726 5
6727 6
6728 5
6729 6
6730 5
6731 6
6732 6
6733 5
6734 6
6735 5
6736 6
6737 5
6738 6
6739 5
6740 6
6741 5
6742 5
6743 6
6744 5
6745 6
6746 5
6747 6
6748 5
6749 6
6750 5
6751 6
6752 5
6753 6
6754 5
6755 6
6756 5
6757 6
6758 5
6759 6
6760 5
6761 6
6762 5
6763 6
6764 5
6765 5
6766 6
6767 5
6768 6
6769 5
6770 6
6771 5
6772 6
6773 5
6774 5
6775 6
6776 5
6777 6
6778 5
6779 6
6780 5
6781 6
6782 5
6783 5
6784 6
6785 5
6786 6
6787 5
6788 6
6789 5
6790 5
6791 6
6792 5
6793 6
6794 5
6795 5
6796 6
6797 4
6798 4
6799 4
6800 4
6801 4
6802 4
6803 4
6804 4
6805 4
6806 4
6807 4
6808 4
6809 4
6810 4
6811 4
6812 4
6813 4
6814 4
6815 4
6816 4
6817 4
6818 4
6819 4
6820 4
6821 4
6822 4
6823 4
6824 4
6825 4
6826 4
6827 4
6828 4
6829 4
6830 4
6831 4
6832 4
6833 4
6834 4
6835 4
6836 4
6837 4
6838 4
6839 4
6840 4
6841 4
6842 4
6843 4
6844 4
6845 4
6846 4
6847 4
6848 4
6849 4
6850 4
6851 4
6852 4
6853 4
6854 4
6855 4
6856 4
6857 4
6858 4
6859 4
6860 4
6861 4
6862 4
6863 4
6864 4
6865 4
6866 4
6867 4
6868 4
6869 4
6870 4
6871 4
6872 4
6873 4
6874 4
6875 4
6876 4
6877 4
6878 4
6879 4
6880 4
6881 4
6882 4
6883 4
6884 4
6885 4
6886 4
6887 4
6888 5
6889 5
6890 4
6891 5
6892 5
6893 5
6894 4
6895 5
6896 5
6897 4
6898 4
6899 4
6900 4
6901 4
6902 4
6903 4
6904 4
6905 4
6906 4
6907 4
6908 4
6909 4
6910 4
6911 4
6912 4
6913 4
6914 4
6915 4
6916 4
6917 4
6918 4
6919 4
6920 4
6921 4
6922 4
6923 4
6924 4
6925 4
6926 4
6927 4
6928 4
6929 4
6930 4
6931 4
6932 4
6933 4
6934 4
6935 4
6936 4
6937 4
6938 4
6939 4
6940 4
6941 4
6942 4
6943 4
6944 4
6945 4
6946 4
6947 4
6948 4
6949 4
6950 4
6951 4
6952 4
6953 4
6954 4
6955 4
6956 4
6957 4
6958 4
6959 4
6960 4
6961 4
6962 4
6963 4
6964 4
6965 4
6966 4
6967 4
6968 4
6969 4
6970 4
6971 4
6972 4
6973 4
6974 4
6975 4
6976 4
6977 4
6978 4
6979 4
6980 4
6981 4
6982 4
6983 4
6984 4
6985 4
6986 4
6987 4
6988 4
6989 4
6990 4
6991 4
6992 4
6993 6
6994 6
6995 6
6996 6
6997 0
6998 4
6999 0
7000 4
7001 4
7002 4
7003 4
7004 4
7005 4
7006 4
7007 4
7008 4
7009 4
7010 4
7011 4
7012 4
7013 4
7014 4
7015 4
7016 4
7017 4
7018 4
7019 4
7020 4
7021 4
7022 4
7023 4
7024 4
7025 4
7026 4
7027 4
7028 4
7029 4
7030 4
7031 4
7032 4
7033 4
7034 4
7035 4
7036 4
7037 4
7038 4
7039 4
7040 4
7041 4
7042 4
7043 4
7044 4
7045 4
7046 4
7047 4
7048 4
7049 4
7050 4
7051 4
7052 4
7053 4
7054 4
7055 4
7056 4
7057 4
7058 4
7059 4
7060 4
7061 4
7062 4
7063 4
7064 4
7065 4
7066 4
7067 4
7068 4
7069 4
7070 4
7071 4
7072 4
7073 4
7074 4
7075 4
7076 4
7077 4
7078 4
7079 4
7080 4
7081 4
7082 4
7083 4
7084 4
7085 4
7086 4
7087 4
7088 4
7089 4
7090 4
7091 4
7092 4
7093 4
7094 4
7095 4
7096 4
7097 4
7098 4
7099 4
7100 4
7101 4
7102 4
7103 6
7104 4
7105 6
7106 4
7107 6
7108 6
7109 4
7110 6
7111 4
7112 6
7113 4
7114 6
7115 4
7116 6
7117 4
7118 6
7119 4
7120 6
7121 6
7122 4
7123 6
7124 4
7125 6
7126 4
7127 6
7128 4
7129 6
7130 4
7131 6
7132 4
7133 6
7134 4
7135 6
7136 4
7137 6
7138 4
7139 6
7140 4
7141 6
7142 4
7143 6
7144 4
7145 6
7146 4
7147 6
7148 4
7149 6
7150 4
7151 6
7152 4
7153 6
7154 4
7155 6
7156 4
7157 6
7158 4
7159 6
7160 4
7161 6
7162 4
7163 6
7164 4
7165 6
7166 4
7167 6
7168 4
7169 4
7170 6
7171 4
7172 6
7173 4
7174 6
7175 4
7176 6
7177 4
7178 4
7179 6
7180 4
7181 6
7182 4
7183 4
7184 6
7185 4
7186 6
7187 4
7188 4
7189 6
7190 4
7191 6
7192 4
7193 4
7194 6
7195 4
7196 6
7197 4
7198 4
7199 6
7200 2
7201 6
7202 6
7203 6
7204 6
7205 6
7206 6
7207 6
7208 6
7209 6
7210 6
7211 6
7212 6
7213 6
7214 6
7215 6
7216 6
7217 6
7218 6
7219 6
7220 6
7221 6
7222 6
7223 6
7224 6
7225 6
7226 6
7227 6
7228 6
7229 6
7230 6
7231 6
7232 6
7233 6
7234 6
7235 6
7236 6
7237 6
7238 6
7239 6
7240 6
7241 6
7242 6
7243 6
7244 6
7245 6
7246 6
7247 6
7248 6
7249 6
7250 6
7251 6
7252 6
7253 6
7254 6
7255 2
7256 6
7257 2
7258 2
7259 2
7260 2
7261 2
7262 2
7263 2
7264 2
7265 2
7266 2
7267 2
7268 2
7269 2
7270 2
7271 2
7272 2
7273 2
7274 2
7275 2
7276 2
7277 2
7278 2
7279 2
7280 2
7281 2
7282 2
7283 2
7284 2
7285 2
7286 2
7287 2
7288 2
7289 2
7290 4
7291 4
7292 4
7293 4
7294 4
7295 4
7296 4
7297 4
7298 4
7299 4
7300 4
7301 4
7302 4
7303 4
7304 4
7305 4
7306 4
7307 4
7308 4
7309 4
7310 4
7311 4
7312 4
7313 4
7314 4
7315 4
7316 4
7317 4
7318 4
7319 4
7320 4
7321 4
7322 4
7323 4
7324 4
7325 4
7326 4
7327 4
7328 4
7329 4
7330 4
7331 4
7332 4
7333 4
7334 4
7335 4
7336 4
7337 4
7338 4
7339 4
7340 4
7341 4
7342 4
7343 4
7344 4
7345 4
7346 4
7347 4
7348 4
7349 4
7350 4
7351 4
7352 4
7353 4
7354 4
7355 4
7356 4
7357 4
7358 4
7359 4
7360 4
7361 4
7362 4
7363 4
7364 4
7365 4
7366 4
7367 4
7368 4
7369 4
7370 4
7371 4
7372 4
7373 4
7374 4
7375 4
7376 4
7377 4
7378 4
7379 4
7380 4
7381 4
7382 4
7383 4
7384 4
7385 4
7386 4
7387 4
7388 4
7389 4
7390 4
7391 4
7392 4
7393 4
7394 4
7395 4
7396 4
7397 4
7398 4
7399 4
7400 4
7401 4
7402 4
7403 4
7404 4
7405 4
7406 4
7407 4
7408 4
7409 4
7410 4
7411 4
7412 4
7413 4
7414 4
7415 4
7416 4
7417 4
7418 4
7419 4
7420 4
7421 4
7422 4
7423 4
7424 6
7425 2
7426 6
7427 4
7428 4
7429 4
7430 4
7431 4
7432 4
7433 4
7434 4
7435 4
7436 4
7437 4
7438 4
7439 4
7440 4
7441 4
7442 4
7443 4
7444 4
7445 4
7446 4
7447 4
7448 4
7449 4
7450 4
7451 4
7452 4
7453 4
7454 4
7455 4
7456 4
7457 4
7458 4
7459 4
7460 4
7461 4
7462 4
7463 4
7464 4
7465 4
7466 4
7467 4
7468 4
7469 4
7470 4
7471 4
7472 4
7473 4
7474 4
7475 4
7476 4
7477 4
7478 4
7479 4
7480 4
7481 4
7482 4
7483 4
7484 4
7485 4
7486 4
7487 4
7488 4
7489 4
7490 4
7491 4
7492 4
7493 4
7494 4
7495 4
7496 4
7497 4
7498 4
7499 4
7500 4
7501 4
7502 4
7503 4
7504 4
7505 4
7506 4
7507 4
7508 4
7509 4
7510 4
7511 4
7512 4
7513 4
7514 4
7515 4
7516 4
7517 4
7518 4
7519 4
7520 4
7521 4
7522 4
7523 4
7524 4
7525 4
7526 4
7527 4
7528 4
7529 4
7530 4
7531 4
7532 4
7533 4
7534 4
7535 4
7536 4
7537 4
7538 4
7539 4
7540 4
7541 4
7542 4
7543 4
7544 4
7545 4
7546 4
7547 4
7548 4
7549 4
7550 4
7551 4
7552 4
7553 4
7554 4
7555 4
7556 4
7557 4
7558 4
7559 4
7560 4
7561 4
7562 4
7563 4
7564 4
7565 4
7566 4
7567 4
7568 4
7569 4
7570 4
7571 4
7572 4
7573 4
7574 4
7575 4
7576 4
7577 4
7578 4
7579 4
7580 4
7581 4
7582 4
7583 4
7584 4
7585 4
7586 4
7587 4
7588 4
7589 4
7590 4
7591 4
7592 4
7593 4
7594 4
7595 4
7596 4
7597 4
7598 4
7599 4
7600 4
7601 4
7602 4
7603 4
7604 4
7605 6
7606 4
7607 4
7608 6
7609 4
7610 4
7611 4
7612 6
7613 4
7614 4
7615 4
7616 6
7617 4
7618 4
7619 4
7620 6
7621 4
7622 4
7623 4
7624 4
7625 6
7626 4
7627 4
7628 4
7629 4
7630 4
7631 4
7632 4
7633 4
7634 6
7635 0
7636 4
7637 0
7638 2
7639 2
7640 2
7641 2
7642 2
7643 2
7644 2
7645 2
7646 2
7647 2
7648 2
7649 2
7650 2
7651 2
7652 2
7653 2
7654 2
7655 2
7656 2
7657 0
7658 6
7659 2
7660 6
7661 6
7662 6
7663 6
7664 6
7665 6
7666 6
7667 6
7668 6
7669 6
7670 6
7671 6
7672 6
7673 6
7674 6
7675 6
7676 6
7677 6
7678 6
7679 6
7680 6
7681 6
7682 6
7683 6
7684 6
7685 6
7686 6
7687 6
7688 6
7689 6
7690 6
7691 6
7692 6
7693 6
7694 6
7695 6
7696 6
7697 2
7698 6
7699 4
7700 4
7701 4
7702 4
7703 4
7704 4
7705 4
7706 4
7707 4
7708 4
7709 4
7710 4
7711 4
7712 4
7713 4
7714 4
7715 4
7716 4
7717 4
7718 4
7719 4
7720 4
7721 4
7722 4
7723 4
7724 4
7725 4
7726 4
7727 4
7728 4
7729 4
7730 4
7731 4
7732 4
7733 4
7734 4
7735 4
7736 4
7737 4
7738 4
7739 4
7740 4
7741 4
7742 4
7743 4
7744 4
7745 4
7746 4
7747 4
7748 4
7749 4
7750 4
7751 4
7752 4
7753 4
7754 4
7755 4
7756 4
7757 4
7758 4
7759 4
7760 4
7761 4
7762 4
7763 4
7764 4
7765 4
7766 4
7767 4
7768 4
7769 4
7770 4
7771 4
7772 4
7773 4
7774 4
7775 4
7776 4
7777 4
7778 4
7779 4
7780 4
7781 4
7782 4
7783 4
7784 5
7785 5
7786 4
7787 5
7788 5
7789 5
7790 5
7791 6
7792 6
7793 6
7794 6
7795 4
7796 5
7797 5
7798 5
7799 5
7800 6
7801 6
7802 6
7803 6
7804 6
7805 6
7806 4
7807 5
7808 5
7809 5
7810 5
7811 6
7812 6
7813 6
7814 6
7815 6
7816 4
7817 5
7818 5
7819 5
7820 6
7821 6
7822 6
7823 6
7824 6
7825 4
7826 5
7827 5
7828 5
7829 6
7830 6
7831 6
7832 6
7833 4
7834 5
7835 5
7836 5
7837 6
7838 6
7839 6
7840 2
7841 2
7842 2
7843 2
7844 2
7845 2
7846 2
7847 2
7848 2
7849 2
7850 2
7851 2
7852 2
7853 2
7854 2
7855 2
7856 2
7857 2
7858 2
7859 2
7860 2
7861 2
7862 2
7863 2
7864 2
7865 2
7866 2
7867 2
7868 2
7869 2
7870 2
7871 2
7872 6
7873 2
7874 6
7875 6
7876 6
7877 6
7878 6
7879 6
7880 6
7881 6
7882 6
7883 6
7884 6
7885 6
7886 6
7887 6
7888 2
7889 6
7890 2
7891 2
7892 2
7893 2
7894 2
7895 2
7896 2
7897 2
7898 2
7899 2
7900 2
7901 2
7902 2
7903 2
7904 2
7905 2
7906 2
7907 2
7908 2
7909 2
7910 2
7911 2
7912 2
7913 2
7914 2
7915 0
7916 6
7917 2
7918 6
7919 2
7920 2
7921 2
7922 2
7923 2
7924 2
7925 2
7926 2
7927 2
7928 2
7929 2
7930 2
7931 2
7932 2
7933 2
7934 2
7935 2
7936 2
7937 2
7938 2
7939 2
7940 2
7941 2
7942 2
7943 0
7944 6
7945 2
7946 6
7947 2
7948 2
7949 2
7950 2
7951 2
7952 2
7953 2
7954 2
7955 2
7956 2
7957 2
7958 2
7959 2
7960 2
7961 2
7962 4
7963 4
7964 4
7965 4
7966 4
7967 4
7968 4
7969 4
7970 4
7971 4
7972 4
7973 4
7974 4
7975 4
7976 4
7977 4
7978 4
7979 4
7980 4
7981 4
7982 4
7983 4
7984 4
7985 4
7986 4
7987 4
7988 4
7989 4
7990 4
7991 4
7992 4
7993 4
7994 4
7995 4
7996 4
7997 4
7998 4
7999 4
8000 4
8001 4
8002 4
8003 4
8004 4
8005 4
8006 4
8007 4
8008 4
8009 4
8010 4
8011 4
8012 4
8013 4
8014 4
8015 4
8016 4
8017 4
8018 4
8019 4
8020 4
8021 4
8022 4
8023 4
8024 4
8025 4
8026 4
8027 4
8028 4
8029 4
8030 4
8031 4
8032 4
8033 4
8034 4
8035 4
8036 4
8037 4
8038 4
8039 4
8040 4
8041 4
8042 4
8043 4
8044 4
8045 4
8046 4
8047 4
8048 4
8049 4
8050 4
8051 4
8052 4
8053 4
8054 4
8055 4
8056 4
8057 4
8058 4
8059 4
8060 4
8061 4
8062 4
8063 4
8064 4
8065 4
8066 4
8067 6
8068 4
8069 2
8070 6
8071 2
8072 6
8073 6
8074 6
8075 6
8076 6
8077 6
8078 6
8079 6
8080 6
8081 6
8082 6
8083 6
8084 6
8085 6
8086 6
8087 6
8088 6
8089 6
8090 6
8091 6
8092 6
8093 6
8094 6
8095 6
8096 6
8097 6
8098 6
8099 6
8100 6
8101 6
8102 6
8103 6
8104 6
8105 6
8106 6
8107 6
8108 6
8109 6
8110 6
8111 6
8112 6
8113 6
8114 6
8115 6
8116 2
8117 6
8118 4
8119 4
8120 4
8121 4
8122 4
8123 4
8124 4
8125 4
8126 4
8127 4
8128 4
8129 4
8130 4
8131 4
8132 4
8133 4
8134 4
8135 4
8136 4
8137 4
8138 4
8139 4
8140 4
8141 4
8142 4
8143 4
8144 4
8145 4
8146 4
8147 4
8148 4
8149 4
8150 4
8151 4
8152 4
8153 4
8154 4
8155 4
8156 4
8157 4
8158 4
8159 4
8160 4
8161 4
8162 4
8163 4
8164 4
8165 4
8166 4
8167 4
8168 4
8169 4
8170 4
8171 4
8172 4
8173 4
8174 4
8175 4
8176 4
8177 4
8178 4
8179 4
8180 4
8181 4
8182 4
8183 4
8184 4
8185 4
8186 4
8187 4
8188 4
8189 4
8190 4
8191 4
8192 4
8193 4
8194 4
8195 4
8196 4
8197 4
8198 4
8199 4
8200 4
8201 4
8202 4
8203 4
8204 4
8205 4
8206 4
8207 4
8208 4
8209 4
8210 4
8211 4
8212 4
8213 4
8214 4
8215 4
8216 4
8217 4
8218 4
8219 4
8220 4
8221 4
8222 4
8223 4
8224 4
8225 4
8226 4
8227 4
8228 4
8229 4
8230 4
8231 4
8232 4
8233 4
8234 4
8235 4
8236 4
8237 4
8238 4
8239 4
8240 4
8241 4
8242 4
8243 4
8244 4
8245 4
8246 4
8247 6
8248 4
8249 6
8250 4
8251 6
8252 4
8253 4
8254 4
8255 4
8256 4
8257 4
8258 4
8259 4
8260 4
8261 4
8262 4
8263 4
8264 4
8265 4
8266 4
8267 4
8268 4
8269 4
8270 4
8271 4
8272 4
8273 4
8274 4
8275 4
8276 4
8277 4
8278 4
8279 4
8280 4
8281 4
8282 4
8283 4
8284 4
8285 4
8286 4
8287 4
8288 6
8289 6
8290 6
8291 6
8292 6
8293 6
8294 6
8295 6
8296 6
8297 6
8298 6
8299 6
8300 6
8301 6
8302 6
8303 6
8304 6
8305 6
8306 6
8307 6
8308 6
8309 6
8310 6
8311 6
8312 6
8313 6
8314 6
8315 4
8316 4
8317 4
8318 6
8319 4
8320 2
8321 6
8322 2
8323 6
8324 6
8325 6
8326 6
8327 6
8328 6
8329 6
8330 6
8331 6
8332 6
8333 6
8334 6
8335 2
8336 6
8337 2
8338 2
8339 2
8340 2
8341 2
8342 2
8343 2
8344 2
8345 2
8346 2
8347 2
8348 2
8349 2
8350 2
8351 2
8352 2
8353 2
8354 2
8355 2
8356 2
8357 2
8358 2
8359 2
8360 2
8361 2
8362 2
8363 2
8364 2
8365 2
8366 2
8367 2
8368 2
8369 2
8370 2
8371 2
8372 2
8373 2
8374 2
8375 2
8376 0
8377 6
8378 2
8379 6
8380 6
8381 6
8382 6
8383 6
8384 6
8385 2
8386 6
8387 2
8388 2
8389 2
8390 2
8391 2
8392 2
8393 2
8394 2
8395 2
8396 2
8397 2
8398 2
8399 2
8400 2
8401 2
8402 2
8403 2
8404 2
8405 2
8406 2
8407 2
8408 2
8409 2
8410 2
8411 2
8412 2
8413 2
8414 2
8415 2
8416 7
8417 6
8418 2
8419 6
8420 6
8421 6
8422 6
8423 6
8424 6
8425 6
8426 6
8427 6
8428 2
8429 6
8430 4
8431 4
8432 4
8433 4
8434 4
8435 4
8436 4
8437 4
8438 4
8439 4
8440 4
8441 4
8442 4
8443 4
8444 4
8445 4
8446 4
8447 4
8448 4
8449 4
8450 4
8451 4
8452 4
8453 4
8454 4
8455 4
8456 4
8457 4
8458 4
8459 4
8460 4
8461 4
8462 4
8463 4
8464 4
8465 4
8466 4
8467 4
8468 4
8469 4
8470 4
8471 4
8472 4
8473 4
8474 4
8475 4
8476 4
8477 4
8478 4
8479 4
8480 4
8481 4
8482 4
8483 4
8484 4
8485 4
8486 4
8487 4
8488 4
8489 4
8490 4
8491 4
8492 6
8493 4
8494 6
8495 4
8496 6
8497 4
8498 6
8499 4
8500 6
8501 4
8502 6
8503 4
8504 6
8505 4
8506 6
8507 4
8508 6
8509 4
8510 6
8511 4
8512 6
8513 4
8514 6
8515 4
8516 6
8517 4
8518 6
8519 6
8520 4
8521 6
8522 4
8523 6
8524 4
8525 6
8526 4
8527 6
8528 4
8529 6
8530 6
8531 4
8532 6
8533 4
8534 6
8535 4
8536 6
8537 4
8538 6
8539 6
8540 4
8541 6
8542 4
8543 2
8544 6
8545 2
8546 2
8547 2
8548 2
8549 2
8550 2
8551 2
8552 2
8553 2
8554 2
8555 2
8556 2
8557 2
8558 2
8559 2
8560 2
8561 2
8562 2
8563 2
8564 2
8565 2
8566 2
8567 2
8568 2
8569 2
8570 2
8571 4
8572 4
8573 4
8574 4
8575 4
8576 4
8577 4
8578 4
8579 4
8580 4
8581 4
8582 4
8583 4
8584 4
8585 4
8586 4
8587 4
8588 4
8589 4
8590 4
8591 4
8592 4
8593 4
8594 4
8595 4
8596 4
8597 4
8598 4
8599 4
8600 4
8601 4
8602 4
8603 4
8604 4
8605 4
8606 4
8607 4
8608 4
8609 4
8610 4
8611 4
8612 4
8613 4
8614 4
8615 4
8616 4
8617 4
8618 4
8619 4
8620 4
8621 4
8622 4
8623 4
8624 4
8625 4
8626 4
8627 4
8628 4
8629 4
8630 4
8631 4
8632 4
8633 4
8634 4
8635 4
8636 4
8637 4
8638 4
8639 4
8640 4
8641 4
8642 4
8643 4
8644 4
8645 4
8646 4
8647 4
8648 4
8649 4
8650 4
8651 4
8652 4
8653 4
8654 4
8655 4
8656 4
8657 4
8658 4
8659 4
8660 4
8661 4
8662 4
8663 4
8664 4
8665 4
8666 4
8667 4
8668 5
8669 4
8670 5
8671 4
8672 5
8673 5
8674 4
8675 5
8676 4
8677 5
8678 4
8679 5
8680 4
8681 5
8682 4
8683 5
8684 4
8685 5
8686 4
8687 5
8688 4
8689 5
8690 6
8691 6
8692 5
8693 6
8694 4
8695 5
8696 6
8697 5
8698 6
8699 6
8700 5
8701 6
8702 4
8703 5
8704 6
8705 6
8706 5
8707 6
8708 4
8709 5
8710 6
8711 5
8712 6
8713 6
8714 5
8715 6
8716 4
8717 5
8718 6
8719 6
8720 5
8721 6
8722 4
8723 5
8724 6
8725 6
8726 5
8727 6
8728 4
8729 5
8730 6
8731 6
8732 5
8733 6
8734 4
8735 5
8736 6
8737 6
8738 5
8739 4
8740 5
8741 6
8742 6
8743 4
8744 5
8745 6
8746 6
8747 5
8748 6
8749 4
8750 5
8751 6
8752 6
8753 5
8754 4
8755 6
8756 5
8757 6
8758 4
8759 5
8760 6
8761 6
8762 5
8763 4
8764 6
8765 5
8766 6
8767 4
8768 5
8769 6
8770 6
8771 2
8772 2
8773 2
8774 2
8775 2
8776 2
8777 2
8778 0
8779 6
8780 2
8781 6
8782 6
8783 6
8784 6
8785 6
8786 6
8787 6
8788 6
8789 2
8790 6
8791 6
8792 6
8793 6
8794 6
8795 6
8796 6
8797 6
8798 6
8799 6
8800 6
8801 6
8802 6
8803 6
8804 6
8805 6
8806 4
8807 4
8808 4
8809 4
8810 4
8811 4
8812 7
8813 7
8814 7
8815 7
8816 7
8817 7
8818 7
8819 7
8820 7
8821 7
8822 7
8823 7
8824 7
8825 7
8826 6
8827 6
8828 6
8829 6
8830 6
8831 6
8832 6
8833 6
8834 6
8835 6
8836 6
8837 6
8838 6
8839 6
8840 6
8841 6
8842 5
8843 6
8844 5
8845 6
8846 6
8847 5
8848 6
8849 5
8850 6
8851 5
8852 6
8853 5
8854 6
8855 5
8856 6
8857 6
8858 5
8859 6
8860 5
8861 6
8862 5
8863 6
8864 5
8865 6
8866 5
8867 6
8868 5
8869 6
8870 5
8871 6
8872 5
8873 6
8874 6
8875 5
8876 6
8877 5
8878 6
8879 5
8880 6
8881 5
8882 6
8883 5
8884 6
8885 5
8886 6
8887 5
8888 1
8889 5
8890 2
8891 2
8892 2
8893 2
8894 2
8895 2
8896 2
8897 2
8898 2
8899 2
8900 2
8901 2
8902 2
8903 2
8904 2
8905 2
8906 2
8907 2
8908 2
8909 2
8910 2
8911 2
8912 2
8913 2
8914 2
8915 4
8916 4
8917 4
8918 4
8919 4
8920 4
8921 4
8922 4
8923 4
8924 4
8925 4
8926 4
8927 4
8928 4
8929 4
8930 4
8931 4
8932 4
8933 4
8934 4
8935 4
8936 4
8937 4
8938 4
8939 4
8940 4
8941 4
8942 4
8943 4
8944 4
8945 4
8946 4
8947 4
8948 4
8949 4
8950 4
8951 4
8952 4
8953 4
8954 4
8955 4
8956 4
8957 4
8958 4
8959 4
8960 4
8961 4
8962 4
8963 4
8964 4
8965 4
8966 4
8967 4
8968 4
8969 4
8970 4
8971 4
8972 4
8973 4
8974 4
8975 4
8976 4
8977 4
8978 4
8979 4
8980 4
8981 4
8982 4
8983 4
8984 4
8985 4
8986 4
8987 4
8988 4
8989 4
8990 4
8991 4
8992 4
8993 4
8994 4
8995 4
8996 4
8997 4
8998 4
8999 4
9000 4
9001 4
9002 4
9003 4
9004 4
9005 4
9006 4
9007 4
9008 4
9009 4
9010 4
9011 4
9012 4
9013 4
9014 4
9015 4
9016 4
9017 4
9018 4
9019 4
9020 5
9021 4
9022 5
9023 4
9024 5
9025 4
9026 5
9027 4
9028 5
9029 4
9030 5
9031 4
9032 5
9033 4
9034 4
9035 4
9036 4
9037 4
9038 4
9039 4
9040 4
9041 4
9042 4
9043 4
9044 4
9045 4
9046 4
9047 4
9048 4
9049 4
9050 4
9051 4
9052 4
9053 4
9054 4
9055 4
9056 4
9057 4
9058 4
9059 4
9060 4
9061 4
9062 4
9063 4
9064 4
9065 4
9066 4
9067 4
9068 4
9069 4
9070 4
9071 4
9072 4
9073 4
9074 4
9075 4
9076 4
9077 4
9078 4
9079 4
9080 4
9081 4
9082 4
9083 4
9084 4
9085 4
9086 4
9087 4
9088 4
9089 4
9090 4
9091 4
9092 4
9093 4
9094 4
9095 4
9096 4
9097 4
9098 4
9099 4
9100 4
9101 4
9102 4
9103 4
9104 4
9105 4
9106 4
9107 4
9108 4
9109 4
9110 4
9111 6
9112 6
9113 6
9114 6
9115 6
9116 6
9117 6
9118 4
9119 6
9120 6
9121 2
9122 6
9123 4
9124 4
9125 4
9126 4
9127 4
9128 4
9129 4
9130 4
9131 4
9132 4
9133 4
9134 4
9135 4
9136 4
9137 4
9138 4
9139 4
9140 4
9141 4
9142 4
9143 4
9144 4
9145 4
9146 4
9147 4
9148 4
9149 4
9150 4
9151 4
9152 4
9153 4
9154 4
9155 4
9156 4
9157 4
9158 4
9159 4
9160 4
9161 4
9162 4
9163 4
9164 4
9165 4
9166 4
9167 4
9168 4
9169 4
9170 4
9171 4
9172 4
9173 4
9174 4
9175 4
9176 4
9177 4
9178 4
9179 4
9180 4
9181 4
9182 4
9183 4
9184 4
9185 4
9186 4
9187 4
9188 4
9189 4
9190 4
9191 4
9192 4
9193 4
9194 4
9195 4
9196 4
9197 4
9198 4
9199 4
9200 4
9201 4
9202 4
9203 6
9204 4
9205 6
9206 4
9207 6
9208 6
9209 4
9210 6
9211 4
9212 6
9213 4
9214 6
9215 4
9216 5
9217 5
9218 6
9219 6
9220 6
9221 6
9222 4
9223 5
9224 5
9225 5
9226 5
9227 6
9228 6
9229 6
9230 6
9231 6
9232 6
9233 4
9234 5
9235 5
9236 6
9237 6
9238 6
9239 4
9240 5
9241 5
9242 5
9243 5
9244 6
9245 6
9246 6
9247 6
9248 6
9249 6
9250 4
9251 5
9252 5
9253 6
9254 6
9255 6
9256 6
9257 4
9258 5
9259 5
9260 6
9261 6
9262 6
9263 4
9264 5
9265 5
9266 5
9267 6
9268 6
9269 6
9270 6
9271 6
9272 4
9273 6
9274 4
9275 5
9276 5
9277 5
9278 5
9279 6
9280 6
9281 6
9282 6
9283 6
9284 4
9285 6
9286 4
9287 5
9288 5
9289 5
9290 6
9291 6
9292 6
9293 6
9294 4
9295 6
9296 4
9297 5
9298 5
9299 5
9300 5
9301 6
9302 6
9303 6
9304 6
9305 6
9306 4
9307 6
9308 4
9309 6
9310 4
9311 5
9312 5
9313 6
9314 6
9315 6
9316 4
9317 6
9318 4
9319 5
9320 6
9321 6
9322 4
9323 6
9324 4
9325 5
9326 5
9327 5
9328 5
9329 6
9330 6
9331 6
9332 6
9333 4
9334 6
9335 4
9336 6
9337 4
9338 4
9339 6
9340 4
9341 5
9342 5
9343 5
9344 5
9345 5
9346 6
9347 6
9348 6
9349 6
9350 6
9351 4
9352 6
9353 4
9354 4
9355 6
9356 4
9357 6
9358 4
9359 6
9360 4
9361 4
9362 6
9363 4
9364 6
9365 4
9366 4
9367 6
9368 4
9369 6
9370 4
9371 4
9372 0
9373 4
9374 2
9375 2
9376 2
9377 2
9378 2
9379 2
9380 2
9381 2
9382 2
9383 2
9384 2
9385 2
9386 2
9387 2
9388 2
9389 2
9390 2
9391 2
9392 2
9393 2
9394 2
9395 2
9396 2
9397 2
9398 2
9399 2
9400 2
9401 4
9402 4
9403 4
9404 4
9405 4
9406 4
9407 4
9408 4
9409 4
9410 4
9411 4
9412 4
9413 4
9414 4
9415 4
9416 4
9417 4
9418 4
9419 4
9420 4
9421 4
9422 4
9423 4
9424 4
9425 4
9426 4
9427 4
9428 4
9429 4
9430 4
9431 4
9432 4
9433 4
9434 4
9435 4
9436 4
9437 4
9438 4
9439 4
9440 4
9441 4
9442 4
9443 4
9444 4
9445 4
9446 4
9447 4
9448 4
9449 4
9450 4
9451 4
9452 4
9453 4
9454 4
9455 5
9456 5
9457 5
9458 5
9459 5
9460 5
9461 6
9462 5
9463 6
9464 6
9465 5
9466 6
9467 6
9468 5
9469 6
9470 6
9471 5
9472 6
9473 6
9474 6
9475 5
9476 6
9477 6
9478 5
9479 6
9480 6
9481 6
9482 6
9483 6
9484 6
9485 6
9486 6
9487 6
9488 6
9489 6
9490 6
9491 6
9492 6
9493 6
9494 6
9495 6
9496 6
9497 6
9498 6
9499 6
9500 6
9501 6
9502 6
9503 6
9504 6
9505 2
9506 6
9507 6
9508 6
9509 6
9510 6
9511 6
9512 6
9513 6
9514 6
9515 6
9516 6
9517 6
9518 6
9519 4
9520 4
9521 4
9522 4
9523 4
9524 4
9525 4
9526 4
9527 6
9528 4
9529 4
9530 4
9531 4
9532 4
9533 6
9534 4
9535 4
9536 4
9537 6
9538 4
9539 4
9540 4
9541 6
9542 4
9543 4
9544 6
9545 4
9546 4
9547 6
9548 4
9549 4
9550 6
9551 4
9552 6
9553 4
9554 4
9555 6
9556 4
9557 6
9558 4
9559 4
9560 6
9561 4
9562 6
9563 4
9564 6
9565 4
9566 6
9567 4
9568 6
9569 4
9570 6
9571 4
9572 6
9573 4
9574 6
9575 4
9576 6
9577 4
9578 6
9579 4
9580 6
9581 4
9582 6
9583 4
9584 6
9585 6
9586 4
9587 6
9588 4
9589 6
9590 6
9591 4
9592 6
9593 4
9594 6
9595 6
9596 4
9597 6
9598 6
9599 4
9600 6
9601 6
9602 4
9603 6
9604 6
9605 4
9606 6
9607 6
9608 2
9609 6
9610 4
9611 4
9612 4
9613 4
9614 4
9615 4
9616 4
9617 4
9618 4
9619 4
9620 4
9621 4
9622 4
9623 4
9624 4
9625 4
9626 4
9627 4
9628 4
9629 4
9630 4
9631 4
9632 4
9633 4
9634 4
9635 4
9636 4
9637 4
9638 4
9639 4
9640 4
9641 4
9642 4
9643 4
9644 4
9645 4
9646 4
9647 4
9648 4
9649 4
9650 4
9651 4
9652 4
9653 4
9654 4
9655 4
9656 4
9657 4
9658 4
9659 4
9660 4
9661 4
9662 4
9663 4
9664 4
9665 4
9666 4
9667 4
9668 4
9669 4
9670 4
9671 4
9672 4
9673 4
9674 4
9675 4
9676 4
9677 4
9678 4
9679 4
9680 4
9681 4
9682 4
9683 4
9684 4
9685 4
9686 4
9687 4
9688 4
9689 4
9690 4
9691 4
9692 4
9693 4
9694 4
9695 4
9696 4
9697 4
9698 4
9699 4
9700 4
9701 4
9702 4
9703 4
9704 4
9705 4
9706 4
9707 4
9708 4
9709 4
9710 4
9711 4
9712 4
9713 4
9714 4
9715 4
9716 4
9717 4
9718 4
9719 4
9720 4
9721 4
9722 4
9723 4
9724 4
9725 4
9726 4
9727 4
9728 4
9729 4
9730 4
9731 4
9732 4
9733 4
9734 4
9735 4
9736 4
9737 4
9738 4
9739 4
9740 4
9741 4
9742 4
9743 4
9744 4
9745 4
9746 4
9747 4
9748 4
9749 4
9750 4
9751 4
9752 4
9753 4
9754 4
9755 4
9756 4
9757 4
9758 4
9759 4
9760 4
9761 4
9762 4
9763 4
9764 4
9765 4
9766 4
9767 4
9768 4
9769 4
9770 4
9771 4
9772 4
9773 4
9774 4
9775 4
9776 4
9777 4
9778 4
9779 4
9780 4
9781 4
9782 4
9783 4
9784 4
9785 4
9786 4
9787 4
9788 4
9789 4
9790 4
9791 4
9792 4
9793 4
9794 4
9795 4
9796 6
9797 4
9798 4
9799 4
9800 6
9801 4
9802 4
9803 4
9804 4
9805 6
9806 4
9807 4
9808 4
9809 4
9810 4
9811 4
9812 6
9813 4
9814 4
9815 4
9816 4
9817 4
9818 4
9819 6
