0 2
1 2
2 2
3 2
4 2
5 2
6 2
7 2
8 2
9 2
10 2
11 2
12 2
13 2
14 2
15 2
16 2
17 2
18 2
19 0
20 0
21 0
22 0
23 0
24 0
25 0
26 0
27 0
28 0
29 0
30 0
31 0
32 0
33 0
34 0
35 0
36 0
37 0
38 0
39 0
40 0
41 0
42 0
43 0
44 0
45 0
46 0
47 0
48 0
49 0
50 0
51 0
52 0
53 0
54 0
55 0
56 0
57 0
58 0
59 0
60 0
61 0
62 0
63 0
64 0
65 0
66 0
67 0
68 0
69 0
70 0
71 0
72 0
73 0
74 0
75 0
76 0
77 0
78 0
79 0
80 0
81 0
82 0
83 0
84 0
85 0
86 0
87 0
88 0
89 0
90 0
91 0
92 0
93 0
94 0
95 0
96 0
97 0
98 0
99 0
100 0
101 0
102 0
103 0
104 0
105 0
106 0
107 0
108 0
109 0
110 0
111 0
112 0
113 0
114 0
115 0
116 0
117 0
118 0
119 0
120 0
121 0
122 0
123 0
124 0
125 0
126 0
127 0
128 0
129 0
130 0
131 0
132 0
133 0
134 0
135 0
136 0
137 0
138 0
139 0
140 0
141 0
142 0
143 0
144 0
145 0
146 0
147 0
148 0
149 0
150 0
151 0
152 0
153 0
154 0
155 0
156 0
157 0
158 0
159 0
160 0
161 0
162 0
163 0
164 0
165 0
166 0
167 0
168 0
169 0
170 0
171 0
172 0
173 0
174 0
175 0
176 0
177 0
178 0
179 0
180 0
181 0
182 0
183 0
184 0
185 0
186 0
187 0
188 0
189 0
190 0
191 0
192 0
193 0
194 0
195 0
196 0
197 0
198 0
199 0
200 0
201 0
202 0
203 0
204 0
205 0
206 0
207 0
208 0
209 0
210 0
211 0
212 0
213 0
214 0
215 0
216 0
217 0
218 0
219 0
220 0
221 0
222 0
223 0
224 0
225 0
226 0
227 0
228 0
229 0
230 0
231 0
232 0
233 0
234 0
235 0
236 0
237 0
238 0
239 0
240 0
241 0
242 0
243 0
244 0
245 0
246 0
247 0
248 0
249 0
250 0
251 0
252 0
253 0
254 0
255 0
256 0
257 0
258 0
259 0
260 0
261 0
262 0
263 0
264 0
265 0
266 0
267 0
268 0
269 0
270 0
271 0
272 0
273 0
274 0
275 0
276 0
277 0
278 0
279 0
280 0
281 0
282 0
283 0
284 6
285 6
286 6
287 6
288 5
289 6
290 5
291 6
292 5
293 6
294 5
295 0
296 6
297 6
298 5
299 6
300 5
301 6
302 5
303 6
304 5
305 0
306 6
307 5
308 6
309 5
310 6
311 5
312 6
313 5
314 0
315 6
316 5
317 6
318 5
319 6
320 5
321 6
322 6
323 5
324 0
325 6
326 5
327 6
328 5
329 6
330 5
331 0
332 6
333 5
334 6
335 5
336 6
337 5
338 6
339 5
340 0
341 6
342 5
343 6
344 5
345 6
346 5
347 0
348 6
349 5
350 6
351 5
352 6
353 5
354 0
355 6
356 5
357 5
358 6
359 5
360 0
361 6
362 5
363 6
364 5
365 6
366 5
367 0
368 6
369 5
370 6
371 5
372 0
373 6
374 5
375 6
376 5
377 6
378 5
379 4
380 4
381 4
382 4
383 4
384 4
385 4
386 4
387 4
388 4
389 4
390 4
391 4
392 4
393 6
394 6
395 6
396 6
397 6
398 6
399 6
400 6
401 6
402 6
403 6
404 6
405 6
406 6
407 6
408 6
409 6
410 6
411 6
412 6
413 6
414 6
415 6
416 6
417 6
418 6
419 6
420 6
421 4
422 4
423 6
424 6
425 6
426 6
427 6
428 4
429 6
430 6
431 6
432 6
433 6
434 6
435 6
436 4
437 6
438 6
439 6
440 6
441 6
442 6
443 4
444 6
445 6
446 5
447 6
448 5
449 6
450 5
451 6
452 5
453 6
454 8
455 4
456 4
457 4
458 4
459 6
460 6
461 6
462 6
463 6
464 6
465 6
466 6
467 6
468 6
469 6
470 6
471 6
472 6
473 6
474 6
475 6
476 6
477 6
478 6
479 6
480 6
481 6
482 6
483 6
484 6
485 6
486 6
487 6
488 6
489 6
490 6
491 6
492 6
493 6
494 6
495 6
496 6
497 6
498 4
499 6
500 6
501 6
502 6
503 4
504 6
505 6
506 6
507 6
508 6
509 4
510 6
511 6
512 6
513 5
514 6
515 5
516 6
517 5
518 6
519 5
520 6
521 8
522 6
523 6
524 6
525 6
526 6
527 6
528 6
529 6
530 6
531 6
532 6
533 6
534 6
535 6
536 6
537 6
538 6
539 6
540 6
541 6
542 6
543 6
544 6
545 6
546 6
547 6
548 6
549 0
550 0
551 0
552 0
553 0
554 6
555 6
556 6
557 6
558 6
559 6
560 6
561 0
562 0
563 0
564 0
565 0
566 0
567 0
568 0
569 0
570 0
571 0
572 0
573 0
574 0
575 0
576 0
577 0
578 0
579 0
580 0
581 0
582 0
583 0
584 0
585 0
586 0
587 0
588 0
589 0
590 0
591 0
592 0
593 0
594 0
595 0
596 0
597 0
598 0
599 0
600 0
601 0
602 0
603 0
604 0
605 0
606 0
607 0
608 0
609 0
610 0
611 0
612 0
613 0
614 0
615 0
616 0
617 0
618 0
619 0
620 0
621 0
622 0
623 0
624 0
625 0
626 0
627 0
628 0
629 0
630 0
631 0
632 0
633 0
634 0
635 0
636 0
637 0
638 0
639 0
640 0
641 0
642 0
643 6
644 6
645 6
646 6
647 5
648 6
649 6
650 5
651 6
652 5
653 6
654 5
655 6
656 5
657 6
658 5
659 6
660 5
661 6
662 6
663 5
664 6
665 5
666 6
667 5
668 6
669 5
670 6
671 5
672 6
673 5
674 6
675 5
676 6
677 5
678 6
679 5
680 6
681 5
682 6
683 5
684 6
685 6
686 5
687 6
688 5
689 6
690 5
691 6
692 5
693 6
694 5
695 6
696 5
697 6
698 5
699 6
700 5
701 5
702 6
703 5
704 6
705 5
706 6
707 5
708 6
709 5
710 6
711 5
712 6
713 5
714 6
715 5
716 6
717 5
718 6
719 5
720 6
721 5
722 5
723 6
724 5
725 6
726 5
727 6
728 5
729 6
730 5
731 6
732 5
733 5
734 6
735 5
736 6
737 5
738 6
739 5
740 6
741 5
742 5
743 6
744 5
745 6
746 5
747 6
748 5
749 5
750 6
751 5
752 6
753 8
754 6
755 6
756 6
757 6
758 6
759 6
760 6
761 6
762 6
763 4
764 4
765 4
766 4
767 4
768 4
769 4
770 4
771 4
772 4
773 4
774 4
775 6
776 6
777 6
778 6
779 6
780 6
781 6
782 6
783 6
784 6
785 6
786 6
787 6
788 5
789 6
790 5
791 6
792 5
793 6
794 8
795 5
796 5
797 5
798 5
799 5
800 5
801 5
802 5
803 5
804 5
805 5
806 5
807 5
808 5
809 5
810 5
811 5
812 5
813 5
814 5
815 5
816 5
817 5
818 5
819 5
820 5
821 5
822 5
823 5
824 5
825 5
826 5
827 5
828 5
829 5
830 5
831 5
832 5
833 5
834 5
835 5
836 5
837 5
838 5
839 5
840 4
841 4
842 4
843 4
844 4
845 4
846 4
847 4
848 4
849 4
850 4
851 4
852 4
853 4
854 4
855 4
856 4
857 4
858 4
859 4
860 4
861 4
862 4
863 4
864 4
865 4
866 4
867 4
868 4
869 4
870 4
871 4
872 4
873 4
874 4
875 4
876 4
877 4
878 4
879 4
880 4
881 4
882 4
883 5
884 4
885 5
886 3
887 3
888 3
889 3
890 3
891 3
892 3
893 3
894 5
895 5
896 5
897 5
898 5
899 5
900 5
901 8
902 6
903 6
904 6
905 6
906 6
907 6
908 6
909 6
910 4
911 4
912 4
913 4
914 4
915 4
916 4
917 4
918 4
919 4
920 4
921 4
922 4
923 4
924 4
925 4
926 4
927 4
928 4
929 4
930 4
931 4
932 4
933 4
934 4
935 4
936 4
937 4
938 4
939 6
940 6
941 6
942 6
943 6
944 6
945 6
946 6
947 6
948 6
949 4
950 6
951 6
952 6
953 6
954 6
955 6
956 6
957 4
958 6
959 6
960 6
961 6
962 6
963 6
964 4
965 6
966 6
967 6
968 6
969 4
970 6
971 6
972 6
973 4
974 6
975 6
976 6
977 4
978 6
979 6
980 5
981 6
982 5
983 6
984 5
985 6
986 6
987 5
988 6
989 5
990 6
991 5
992 6
993 4
994 5
995 6
996 5
997 6
998 5
999 6
1000 4
1001 8
1002 0
1003 0
1004 0
1005 0
1006 0
1007 0
1008 0
1009 0
1010 0
1011 0
1012 0
1013 0
1014 0
1015 0
1016 0
1017 0
1018 0
1019 0
1020 0
1021 0
1022 0
1023 0
1024 0
1025 0
1026 0
1027 0
1028 0
1029 0
1030 0
1031 0
1032 0
1033 0
1034 0
1035 0
1036 0
1037 0
1038 0
1039 0
1040 0
1041 0
1042 0
1043 0
1044 0
1045 0
1046 0
1047 0
1048 0
1049 0
1050 0
1051 0
1052 0
1053 0
1054 0
1055 0
1056 0
1057 0
1058 0
1059 0
1060 0
1061 0
1062 0
1063 0
1064 0
1065 0
1066 0
1067 0
1068 0
1069 0
1070 0
1071 0
1072 0
1073 0
1074 0
1075 0
1076 0
1077 0
1078 0
1079 0
1080 0
1081 0
1082 0
1083 0
1084 0
1085 0
1086 0
1087 0
1088 0
1089 0
1090 0
1091 0
1092 0
1093 0
1094 0
1095 0
1096 0
1097 0
1098 0
1099 0
1100 0
1101 0
1102 0
1103 0
1104 0
1105 0
1106 0
1107 0
1108 0
1109 0
1110 0
1111 0
1112 0
1113 0
1114 0
1115 0
1116 5
1117 0
1118 5
1119 6
1120 6
1121 5
1122 6
1123 5
1124 6
1125 5
1126 6
1127 5
1128 6
1129 5
1130 6
1131 5
1132 6
1133 5
1134 6
1135 5
1136 0
1137 6
1138 5
1139 6
1140 6
1141 5
1142 6
1143 5
1144 6
1145 5
1146 6
1147 5
1148 6
1149 5
1150 6
1151 5
1152 6
1153 5
1154 6
1155 5
1156 6
1157 5
1158 0
1159 6
1160 5
1161 6
1162 5
1163 6
1164 5
1165 6
1166 5
1167 6
1168 5
1169 6
1170 5
1171 6
1172 5
1173 6
1174 5
1175 6
1176 5
1177 0
1178 6
1179 5
1180 6
1181 5
1182 6
1183 5
1184 6
1185 5
1186 5
1187 6
1188 5
1189 6
1190 5
1191 6
1192 5
1193 0
1194 6
1195 5
1196 6
1197 5
1198 6
1199 5
1200 6
1201 5
1202 6
1203 5
1204 5
1205 6
1206 5
1207 0
1208 6
1209 5
1210 6
1211 5
1212 6
1213 5
1214 6
1215 5
1216 5
1217 6
1218 5
1219 0
1220 6
1221 5
1222 6
1223 5
1224 5
1225 6
1226 5
1227 6
1228 5
1229 6
1230 5
1231 0
1232 6
1233 5
1234 5
1235 6
1236 5
1237 6
1238 5
1239 5
1240 0
1241 6
1242 5
1243 6
1244 5
1245 6
1246 5
1247 5
1248 6
1249 5
1250 6
1251 5
1252 5
1253 0
1254 6
1255 5
1256 6
1257 5
1258 5
1259 0
1260 6
1261 5
1262 6
1263 5
1264 5
1265 6
1266 5
1267 6
1268 5
1269 5
1270 0
1271 6
1272 5
1273 5
1274 6
1275 5
1276 0
1277 6
1278 5
1279 5
1280 6
1281 5
1282 5
1283 0
1284 6
1285 5
1286 6
1287 5
1288 5
1289 0
1290 6
1291 5
1292 5
1293 6
1294 5
1295 5
1296 0
1297 6
1298 5
1299 5
1300 6
1301 5
1302 0
1303 5
1304 6
1305 5
1306 6
1307 5
1308 5
1309 6
1310 6
1311 6
1312 6
1313 6
1314 0
1315 0
1316 0
1317 0
1318 0
1319 0
1320 0
1321 0
1322 0
1323 0
1324 0
1325 0
1326 0
1327 0
1328 0
1329 0
1330 0
1331 0
1332 0
1333 0
1334 0
1335 0
1336 0
1337 0
1338 0
1339 0
1340 0
1341 0
1342 0
1343 0
1344 0
1345 0
1346 0
1347 0
1348 0
1349 0
1350 0
1351 0
1352 0
1353 0
1354 0
1355 0
1356 0
1357 0
1358 0
1359 0
1360 0
1361 0
1362 0
1363 0
1364 0
1365 0
1366 0
1367 0
1368 0
1369 0
1370 0
1371 0
1372 0
1373 0
1374 0
1375 0
1376 0
1377 0
1378 0
1379 0
1380 0
1381 0
1382 0
1383 0
1384 0
1385 0
1386 0
1387 0
1388 0
1389 0
1390 0
1391 0
1392 0
1393 0
1394 0
1395 0
1396 0
1397 0
1398 0
1399 0
1400 0
1401 0
1402 0
1403 0
1404 0
1405 0
1406 0
1407 0
1408 0
1409 0
1410 0
1411 0
1412 0
1413 0
1414 0
1415 0
1416 0
1417 0
1418 0
1419 0
1420 0
1421 0
1422 0
1423 0
1424 0
1425 0
1426 0
1427 0
1428 0
1429 0
1430 0
1431 0
1432 0
1433 0
1434 0
1435 0
1436 0
1437 0
1438 0
1439 0
1440 0
1441 0
1442 0
1443 0
1444 0
1445 0
1446 0
1447 0
1448 0
1449 0
1450 0
1451 0
1452 0
1453 0
1454 0
1455 0
1456 0
1457 0
1458 0
1459 0
1460 0
1461 0
1462 0
1463 0
1464 0
1465 0
1466 0
1467 0
1468 0
1469 0
1470 0
1471 0
1472 0
1473 0
1474 0
1475 0
1476 0
1477 0
1478 0
1479 0
1480 0
1481 0
1482 0
1483 0
1484 0
1485 0
1486 0
1487 0
1488 0
1489 0
1490 0
1491 0
1492 0
1493 0
1494 0
1495 0
1496 0
1497 0
1498 0
1499 6
1500 6
1501 6
1502 0
1503 6
1504 6
1505 5
1506 0
1507 4
1508 4
1509 4
1510 4
1511 4
1512 4
1513 4
1514 4
1515 4
1516 4
1517 4
1518 4
1519 4
1520 4
1521 4
1522 4
1523 4
1524 4
1525 4
1526 4
1527 4
1528 4
1529 4
1530 4
1531 4
1532 4
1533 4
1534 4
1535 4
1536 4
1537 4
1538 4
1539 4
1540 4
1541 4
1542 4
1543 4
1544 4
1545 4
1546 4
1547 4
1548 4
1549 4
1550 4
1551 4
1552 4
1553 4
1554 4
1555 4
1556 4
1557 4
1558 4
1559 6
1560 6
1561 6
1562 4
1563 4
1564 4
1565 4
1566 4
1567 4
1568 4
1569 4
1570 4
1571 4
1572 4
1573 4
1574 4
1575 6
1576 6
1577 6
1578 6
1579 6
1580 6
1581 6
1582 4
1583 4
1584 4
1585 4
1586 4
1587 4
1588 4
1589 4
1590 4
1591 4
1592 4
1593 4
1594 4
1595 4
1596 4
1597 4
1598 4
1599 4
1600 4
1601 4
1602 4
1603 4
1604 4
1605 4
1606 4
1607 4
1608 4
1609 4
1610 4
1611 4
1612 4
1613 4
1614 4
1615 4
1616 4
1617 4
1618 4
1619 4
1620 6
1621 6
1622 6
1623 6
1624 6
1625 6
1626 6
1627 6
1628 6
1629 6
1630 6
1631 6
1632 6
1633 6
1634 6
1635 6
1636 6
1637 6
1638 6
1639 6
1640 6
1641 6
1642 6
1643 6
1644 6
1645 6
1646 6
1647 6
1648 6
1649 6
1650 6
1651 6
1652 4
1653 6
1654 6
1655 6
1656 8
1657 0
1658 0
1659 0
1660 0
1661 0
1662 0
1663 0
1664 0
1665 0
1666 0
1667 0
1668 0
1669 0
1670 0
1671 0
1672 0
1673 0
1674 0
1675 0
1676 0
1677 0
1678 0
1679 0
1680 0
1681 0
1682 0
1683 0
1684 0
1685 0
1686 0
1687 0
1688 0
1689 0
1690 0
1691 0
1692 0
1693 0
1694 0
1695 0
1696 0
1697 0
1698 0
1699 0
1700 0
1701 0
1702 0
1703 0
1704 0
1705 0
1706 0
1707 0
1708 0
1709 0
1710 0
1711 0
1712 0
1713 5
1714 5
1715 0
1716 5
1717 5
1718 0
1719 5
1720 5
1721 5
1722 5
1723 5
1724 5
1725 5
1726 5
1727 5
1728 5
1729 5
1730 5
1731 5
1732 5
1733 5
1734 5
1735 5
1736 5
1737 5
1738 5
1739 5
1740 5
1741 5
1742 5
1743 5
1744 5
1745 5
1746 5
1747 5
1748 5
1749 0
1750 0
1751 0
1752 0
1753 0
1754 0
1755 0
1756 0
1757 0
1758 0
1759 0
1760 0
1761 0
1762 0
1763 0
1764 0
1765 0
1766 0
1767 0
1768 0
1769 0
1770 0
1771 0
1772 0
1773 0
1774 0
1775 0
1776 0
1777 0
1778 0
1779 0
1780 0
1781 0
1782 0
1783 0
1784 0
1785 0
1786 0
1787 5
1788 0
1789 5
1790 0
1791 5
1792 0
1793 5
1794 0
1795 5
1796 0
1797 5
1798 0
1799 5
1800 0
1801 5
1802 0
1803 5
1804 0
1805 5
1806 0
1807 5
1808 0
1809 5
1810 0
1811 5
1812 0
1813 5
1814 0
1815 5
1816 0
1817 0
1818 5
1819 0
1820 5
1821 0
1822 5
1823 0
1824 0
1825 6
1826 5
1827 6
1828 6
1829 6
1830 6
1831 6
1832 0
1833 0
1834 0
1835 0
1836 0
1837 0
1838 0
1839 0
1840 0
1841 0
1842 0
1843 0
1844 0
1845 0
1846 0
1847 0
1848 0
1849 0
1850 0
1851 0
1852 0
1853 0
1854 0
1855 0
1856 0
1857 0
1858 0
1859 0
1860 6
1861 6
1862 6
1863 6
1864 6
1865 6
1866 6
1867 5
1868 6
1869 5
1870 6
1871 5
1872 6
1873 5
1874 6
1875 5
1876 6
1877 5
1878 6
1879 6
1880 5
1881 6
1882 5
1883 6
1884 5
1885 6
1886 5
1887 6
1888 5
1889 6
1890 5
1891 6
1892 5
1893 6
1894 5
1895 6
1896 5
1897 6
1898 5
1899 6
1900 5
1901 6
1902 5
1903 6
1904 5
1905 6
1906 5
1907 6
1908 5
1909 8
1910 4
1911 4
1912 4
1913 4
1914 5
1915 5
1916 5
1917 5
1918 5
1919 5
1920 5
1921 8
1922 5
1923 5
1924 5
1925 5
1926 5
1927 5
1928 4
1929 4
1930 4
1931 4
1932 4
1933 4
1934 4
1935 4
1936 4
1937 4
1938 4
1939 4
1940 4
1941 5
1942 4
1943 5
1944 5
1945 5
1946 5
1947 5
1948 5
1949 5
1950 5
1951 4
1952 6
1953 5
1954 6
1955 5
1956 6
1957 5
1958 6
1959 5
1960 6
1961 5
1962 6
1963 5
1964 6
1965 5
1966 6
1967 5
1968 6
1969 5
1970 6
1971 5
1972 4
1973 6
1974 5
1975 6
1976 5
1977 6
1978 5
1979 6
1980 5
1981 6
1982 5
1983 6
1984 5
1985 6
1986 5
1987 8
1988 6
1989 6
1990 6
1991 6
1992 6
1993 6
1994 6
1995 6
1996 6
1997 6
1998 6
1999 0
2000 0
2001 0
2002 0
2003 0
2004 0
2005 0
2006 0
2007 0
2008 6
2009 6
2010 6
2011 6
2012 0
2013 0
2014 0
2015 0
2016 0
2017 0
2018 0
2019 0
2020 0
2021 0
2022 0
2023 0
2024 0
2025 0
2026 0
2027 0
2028 0
2029 0
2030 0
2031 0
2032 0
2033 0
2034 0
2035 0
2036 0
2037 0
2038 0
2039 0
2040 0
2041 0
2042 0
2043 0
2044 0
2045 0
2046 0
2047 0
2048 0
2049 0
2050 0
2051 0
2052 0
2053 0
2054 0
2055 0
2056 0
2057 0
2058 0
2059 0
2060 0
2061 0
2062 0
2063 0
2064 0
2065 0
2066 0
2067 0
2068 0
2069 0
2070 0
2071 0
2072 0
2073 0
2074 0
2075 0
2076 0
2077 0
2078 0
2079 0
2080 0
2081 0
2082 0
2083 0
2084 0
2085 0
2086 0
2087 0
2088 0
2089 0
2090 0
2091 0
2092 0
2093 0
2094 0
2095 0
2096 0
2097 0
2098 0
2099 0
2100 0
2101 0
2102 0
2103 0
2104 0
2105 0
2106 0
2107 0
2108 0
2109 0
2110 0
2111 0
2112 0
2113 0
2114 0
2115 0
2116 0
2117 0
2118 0
2119 0
2120 0
2121 0
2122 0
2123 0
2124 0
2125 0
2126 0
2127 0
2128 0
2129 0
2130 0
2131 0
2132 0
2133 0
2134 0
2135 0
2136 0
2137 0
2138 0
2139 0
2140 0
2141 0
2142 0
2143 0
2144 0
2145 0
2146 0
2147 0
2148 0
2149 0
2150 0
2151 0
2152 0
2153 0
2154 0
2155 0
2156 0
2157 0
2158 0
2159 0
2160 0
2161 0
2162 0
2163 0
2164 0
2165 0
2166 0
2167 0
2168 0
2169 0
2170 0
2171 0
2172 0
2173 0
2174 0
2175 0
2176 0
2177 0
2178 0
2179 0
2180 0
2181 0
2182 0
2183 0
2184 0
2185 0
2186 0
2187 0
2188 0
2189 0
2190 0
2191 0
2192 0
2193 0
2194 0
2195 0
2196 0
2197 0
2198 0
2199 0
2200 0
2201 0
2202 0
2203 0
2204 0
2205 0
2206 0
2207 0
2208 4
2209 4
2210 4
2211 4
2212 4
2213 4
2214 4
2215 4
2216 4
2217 4
2218 4
2219 4
2220 4
2221 4
2222 4
2223 4
2224 4
2225 4
2226 4
2227 4
2228 4
2229 4
2230 4
2231 4
2232 4
2233 4
2234 4
2235 4
2236 4
2237 4
2238 4
2239 4
2240 4
2241 4
2242 4
2243 4
2244 4
2245 4
2246 4
2247 4
2248 4
2249 4
2250 4
2251 4
2252 4
2253 4
2254 4
2255 4
2256 4
2257 4
2258 4
2259 4
2260 4
2261 4
2262 4
2263 4
2264 4
2265 6
2266 6
2267 6
2268 6
2269 6
2270 6
2271 6
2272 6
2273 6
2274 6
2275 6
2276 4
2277 6
2278 5
2279 6
2280 5
2281 6
2282 5
2283 6
2284 8
2285 4
2286 4
2287 4
2288 4
2289 4
2290 4
2291 4
2292 4
2293 4
2294 4
2295 4
2296 4
2297 4
2298 4
2299 4
2300 4
2301 4
2302 4
2303 4
2304 4
2305 4
2306 4
2307 4
2308 4
2309 4
2310 4
2311 4
2312 4
2313 4
2314 4
2315 4
2316 4
2317 4
2318 4
2319 4
2320 4
2321 4
2322 4
2323 4
2324 4
2325 4
2326 4
2327 4
2328 4
2329 4
2330 4
2331 4
2332 4
2333 4
2334 4
2335 4
2336 6
2337 6
2338 6
2339 6
2340 6
2341 6
2342 6
2343 6
2344 4
2345 6
2346 6
2347 6
2348 6
2349 6
2350 6
2351 6
2352 4
2353 6
2354 6
2355 6
2356 6
2357 4
2358 6
2359 6
2360 6
2361 4
2362 6
2363 6
2364 6
2365 4
2366 6
2367 6
2368 6
2369 4
2370 6
2371 6
2372 4
2373 6
2374 6
2375 4
2376 6
2377 6
2378 4
2379 6
2380 4
2381 6
2382 6
2383 4
2384 6
2385 4
2386 6
2387 4
2388 6
2389 4
2390 6
2391 6
2392 4
2393 6
2394 4
2395 6
2396 4
2397 6
2398 6
2399 6
2400 6
2401 6
2402 6
2403 6
2404 6
2405 6
2406 8
2407 4
2408 4
2409 4
2410 4
2411 4
2412 4
2413 4
2414 4
2415 4
2416 4
2417 4
2418 4
2419 4
2420 4
2421 4
2422 4
2423 4
2424 4
2425 4
2426 4
2427 4
2428 4
2429 4
2430 4
2431 4
2432 4
2433 4
2434 4
2435 4
2436 4
2437 4
2438 4
2439 4
2440 4
2441 4
2442 4
2443 4
2444 4
2445 4
2446 4
2447 4
2448 4
2449 4
2450 4
2451 4
2452 4
2453 4
2454 4
2455 4
2456 4
2457 4
2458 4
2459 4
2460 4
2461 4
2462 4
2463 4
2464 6
2465 4
2466 4
2467 4
2468 4
2469 4
2470 4
2471 4
2472 4
2473 4
2474 4
2475 4
2476 4
2477 4
2478 4
2479 4
2480 4
2481 4
2482 4
2483 4
2484 4
2485 4
2486 4
2487 4
2488 4
2489 4
2490 4
2491 4
2492 4
2493 4
2494 4
2495 4
2496 4
2497 4
2498 4
2499 4
2500 4
2501 4
2502 4
2503 4
2504 4
2505 4
2506 4
2507 4
2508 6
2509 6
2510 6
2511 6
2512 6
2513 6
2514 6
2515 6
2516 6
2517 6
2518 6
2519 6
2520 6
2521 6
2522 6
2523 6
2524 6
2525 6
2526 6
2527 6
2528 6
2529 6
2530 6
2531 6
2532 6
2533 6
2534 6
2535 6
2536 6
2537 6
2538 6
2539 6
2540 6
2541 6
2542 6
2543 6
2544 6
2545 6
2546 6
2547 6
2548 6
2549 6
2550 8
2551 6
2552 6
2553 6
2554 6
2555 6
2556 6
2557 6
2558 6
2559 6
2560 6
2561 6
2562 6
2563 6
2564 6
2565 4
2566 4
2567 4
2568 4
2569 4
2570 4
2571 4
2572 4
2573 4
2574 4
2575 4
2576 4
2577 4
2578 4
2579 4
2580 4
2581 4
2582 4
2583 4
2584 4
2585 4
2586 4
2587 4
2588 4
2589 4
2590 4
2591 4
2592 4
2593 4
2594 4
2595 4
2596 4
2597 6
2598 6
2599 4
2600 6
2601 6
2602 6
2603 6
2604 6
2605 6
2606 6
2607 4
2608 6
2609 6
2610 6
2611 6
2612 6
2613 4
2614 6
2615 6
2616 6
2617 6
2618 4
2619 6
2620 6
2621 6
2622 6
2623 4
2624 6
2625 6
2626 6
2627 4
2628 6
2629 6
2630 6
2631 4
2632 6
2633 6
2634 4
2635 6
2636 6
2637 4
2638 6
2639 6
2640 4
2641 6
2642 6
2643 4
2644 6
2645 6
2646 4
2647 6
2648 4
2649 4
2650 4
2651 4
2652 4
2653 4
2654 4
2655 4
2656 4
2657 4
2658 4
2659 4
2660 4
2661 4
2662 4
2663 4
2664 4
2665 4
2666 4
2667 4
2668 4
2669 4
2670 4
2671 4
2672 4
2673 6
2674 6
2675 6
2676 6
2677 6
2678 6
2679 6
2680 5
2681 6
2682 5
2683 6
2684 5
2685 6
2686 5
2687 6
2688 5
2689 6
2690 8
2691 6
2692 6
2693 6
2694 6
2695 6
2696 6
2697 6
2698 6
2699 6
2700 6
2701 6
2702 8
2703 4
2704 4
2705 4
2706 4
2707 4
2708 4
2709 4
2710 4
2711 4
2712 4
2713 4
2714 4
2715 4
2716 4
2717 4
2718 4
2719 6
2720 6
2721 6
2722 6
2723 6
2724 6
2725 6
2726 6
2727 6
2728 6
2729 6
2730 6
2731 6
2732 6
2733 4
2734 6
2735 6
2736 6
2737 5
2738 6
2739 5
2740 6
2741 5
2742 6
2743 5
2744 6
2745 5
2746 6
2747 8
2748 0
2749 5
2750 5
2751 5
2752 5
2753 5
2754 5
2755 0
2756 0
2757 0
2758 0
2759 0
2760 0
2761 0
2762 0
2763 0
2764 0
2765 0
2766 0
2767 0
2768 0
2769 0
2770 0
2771 0
2772 0
2773 0
2774 0
2775 0
2776 0
2777 0
2778 0
2779 0
2780 0
2781 0
2782 0
2783 0
2784 0
2785 0
2786 0
2787 0
2788 0
2789 0
2790 0
2791 0
2792 0
2793 0
2794 0
2795 5
2796 0
2797 5
2798 0
2799 5
2800 0
2801 5
2802 0
2803 5
2804 0
2805 5
2806 0
2807 5
2808 5
2809 0
2810 5
2811 0
2812 6
2813 5
2814 6
2815 5
2816 6
2817 5
2818 6
2819 5
2820 6
2821 5
2822 6
2823 5
2824 8
2825 0
2826 0
2827 0
2828 0
2829 0
2830 0
2831 0
2832 0
2833 0
2834 0
2835 0
2836 0
2837 0
2838 0
2839 0
2840 0
2841 0
2842 0
2843 0
2844 0
2845 0
2846 0
2847 0
2848 0
2849 0
2850 0
2851 0
2852 0
2853 0
2854 0
2855 0
2856 0
2857 0
2858 0
2859 0
2860 0
2861 0
2862 0
2863 0
2864 0
2865 0
2866 0
2867 0
2868 0
2869 0
2870 0
2871 0
2872 0
2873 0
2874 0
2875 0
2876 0
2877 0
2878 0
2879 0
2880 0
2881 0
2882 0
2883 0
2884 0
2885 0
2886 0
2887 0
2888 0
2889 0
2890 0
2891 0
2892 0
2893 0
2894 0
2895 0
2896 0
2897 0
2898 0
2899 0
2900 0
2901 0
2902 0
2903 0
2904 0
2905 0
2906 0
2907 0
2908 0
2909 0
2910 0
2911 0
2912 0
2913 0
2914 0
2915 0
2916 0
2917 0
2918 0
2919 0
2920 0
2921 0
2922 0
2923 0
2924 0
2925 0
2926 0
2927 0
2928 0
2929 0
2930 0
2931 0
2932 0
2933 0
2934 0
2935 0
2936 0
2937 0
2938 0
2939 0
2940 0
2941 0
2942 0
2943 0
2944 0
2945 0
2946 0
2947 0
2948 6
2949 5
2950 6
2951 5
2952 6
2953 5
2954 6
2955 5
2956 6
2957 6
2958 5
2959 6
2960 5
2961 6
2962 5
2963 0
2964 6
2965 5
2966 6
2967 5
2968 6
2969 5
2970 6
2971 5
2972 6
2973 5
2974 6
2975 5
2976 0
2977 6
2978 6
2979 5
2980 6
2981 5
2982 6
2983 5
2984 6
2985 5
2986 6
2987 5
2988 6
2989 5
2990 0
2991 6
2992 5
2993 6
2994 5
2995 6
2996 5
2997 6
2998 5
2999 6
3000 5
3001 0
3002 6
3003 5
3004 6
3005 5
3006 6
3007 5
3008 6
3009 5
3010 6
3011 5
3012 0
3013 6
3014 5
3015 6
3016 5
3017 5
3018 6
3019 5
3020 6
3021 5
3022 0
3023 6
3024 5
3025 6
3026 5
3027 6
3028 5
3029 6
3030 5
3031 0
3032 6
3033 5
3034 6
3035 5
3036 6
3037 5
3038 5
3039 0
3040 6
3041 5
3042 6
3043 5
3044 6
3045 5
3046 6
3047 5
3048 0
3049 6
3050 5
3051 5
3052 6
3053 5
3054 6
3055 5
3056 0
3057 6
3058 5
3059 6
3060 5
3061 5
3062 0
3063 6
3064 5
3065 6
3066 5
3067 6
3068 5
3069 5
3070 0
3071 6
3072 5
3073 6
3074 5
3075 0
3076 6
3077 5
3078 5
3079 6
3080 5
3081 0
3082 6
3083 5
3084 5
3085 6
3086 5
3087 0
3088 6
3089 5
3090 5
3091 6
3092 5
3093 0
3094 6
3095 5
3096 5
3097 0
3098 6
3099 5
3100 6
3101 5
3102 5
3103 0
3104 6
3105 5
3106 6
3107 5
3108 5
3109 0
3110 6
3111 5
3112 6
3113 5
3114 5
3115 0
3116 6
3117 5
3118 0
3119 5
3120 6
3121 5
3122 0
3123 6
3124 5
3125 5
3126 0
3127 6
3128 5
3129 5
3130 0
3131 6
3132 5
3133 5
3134 0
3135 6
3136 5
3137 6
3138 5
3139 5
3140 0
3141 6
3142 5
3143 5
3144 0
3145 0
3146 6
3147 5
3148 5
3149 0
3150 6
3151 5
3152 5
3153 0
3154 6
3155 5
3156 5
3157 0
3158 0
3159 6
3160 5
3161 5
3162 0
3163 6
3164 5
3165 5
3166 6
3167 6
3168 6
3169 6
3170 6
3171 6
3172 6
3173 0
3174 0
3175 0
3176 0
3177 0
3178 6
3179 6
3180 6
3181 6
3182 6
3183 6
3184 0
3185 0
3186 0
3187 0
3188 0
3189 0
3190 0
3191 0
3192 0
3193 0
3194 0
3195 0
3196 0
3197 0
3198 0
3199 0
3200 0
3201 0
3202 0
3203 0
3204 0
3205 0
3206 0
3207 0
3208 0
3209 0
3210 0
3211 0
3212 0
3213 0
3214 0
3215 0
3216 0
3217 0
3218 0
3219 0
3220 0
3221 0
3222 0
3223 0
3224 0
3225 0
3226 0
3227 0
3228 0
3229 0
3230 0
3231 0
3232 0
3233 0
3234 0
3235 0
3236 0
3237 0
3238 0
3239 0
3240 0
3241 0
3242 0
3243 0
3244 0
3245 0
3246 0
3247 0
3248 0
3249 0
3250 0
3251 0
3252 0
3253 0
3254 0
3255 0
3256 0
3257 0
3258 0
3259 0
3260 0
3261 0
3262 0
3263 0
3264 0
3265 0
3266 0
3267 0
3268 0
3269 0
3270 0
3271 0
3272 0
3273 0
3274 0
3275 0
3276 0
3277 0
3278 0
3279 0
3280 0
3281 0
3282 0
3283 0
3284 0
3285 0
3286 0
3287 0
3288 0
3289 0
3290 0
3291 0
3292 0
3293 0
3294 0
3295 0
3296 0
3297 0
3298 0
3299 0
3300 0
3301 0
3302 0
3303 0
3304 0
3305 0
3306 0
3307 0
3308 0
3309 0
3310 0
3311 0
3312 0
3313 0
3314 0
3315 0
3316 0
3317 0
3318 0
3319 0
3320 0
3321 0
3322 0
3323 0
3324 0
3325 0
3326 0
3327 0
3328 0
3329 0
3330 0
3331 0
3332 0
3333 0
3334 0
3335 0
3336 0
3337 0
3338 0
3339 0
3340 0
3341 0
3342 0
3343 0
3344 0
3345 0
3346 0
3347 0
3348 0
3349 0
3350 0
3351 0
3352 0
3353 0
3354 0
3355 0
3356 0
3357 0
3358 0
3359 0
3360 0
3361 0
3362 0
3363 0
3364 0
3365 0
3366 0
3367 8
3368 6
3369 6
3370 6
3371 0
3372 0
3373 0
3374 0
3375 0
3376 0
3377 0
3378 0
3379 0
3380 0
3381 6
3382 0
3383 0
3384 0
3385 0
3386 0
3387 0
3388 0
3389 0
3390 0
3391 0
3392 0
3393 0
3394 0
3395 0
3396 0
3397 0
3398 0
3399 6
3400 6
3401 6
3402 6
3403 6
3404 6
3405 6
3406 6
3407 6
3408 6
3409 6
3410 5
3411 6
3412 5
3413 6
3414 5
3415 6
3416 5
3417 6
3418 5
3419 6
3420 5
3421 6
3422 5
3423 6
3424 6
3425 5
3426 6
3427 5
3428 6
3429 5
3430 6
3431 5
3432 6
3433 5
3434 6
3435 5
3436 6
3437 5
3438 6
3439 5
3440 6
3441 5
3442 6
3443 5
3444 6
3445 5
3446 6
3447 5
3448 6
3449 5
3450 6
3451 5
3452 6
3453 5
3454 6
3455 5
3456 6
3457 5
3458 6
3459 5
3460 6
3461 5
3462 6
3463 5
3464 6
3465 5
3466 6
3467 5
3468 6
3469 5
3470 8
3471 6
3472 6
3473 6
3474 6
3475 6
3476 6
3477 6
3478 4
3479 4
3480 4
3481 4
3482 4
3483 4
3484 4
3485 4
3486 4
3487 4
3488 4
3489 4
3490 6
3491 6
3492 6
3493 6
3494 6
3495 6
3496 6
3497 6
3498 6
3499 6
3500 6
3501 6
3502 6
3503 5
3504 6
3505 5
3506 6
3507 5
3508 6
3509 8
3510 0
3511 0
3512 0
3513 0
3514 0
3515 6
3516 6
3517 6
3518 6
3519 6
3520 6
3521 6
3522 0
3523 0
3524 0
3525 0
3526 0
3527 0
3528 0
3529 0
3530 0
3531 0
3532 0
3533 0
3534 0
3535 0
3536 0
3537 0
3538 0
3539 0
3540 0
3541 0
3542 0
3543 0
3544 0
3545 0
3546 0
3547 0
3548 0
3549 0
3550 0
3551 0
3552 0
3553 0
3554 0
3555 0
3556 0
3557 0
3558 0
3559 0
3560 0
3561 0
3562 0
3563 0
3564 0
3565 0
3566 0
3567 0
3568 0
3569 0
3570 0
3571 0
3572 0
3573 0
3574 0
3575 0
3576 0
3577 0
3578 0
3579 0
3580 0
3581 0
3582 0
3583 0
3584 0
3585 0
3586 0
3587 0
3588 0
3589 0
3590 0
3591 0
3592 0
3593 0
3594 0
3595 0
3596 0
3597 0
3598 0
3599 0
3600 0
3601 0
3602 0
3603 0
3604 0
3605 0
3606 0
3607 0
3608 0
3609 0
3610 0
3611 0
3612 0
3613 0
3614 0
3615 0
3616 0
3617 0
3618 0
3619 0
3620 0
3621 0
3622 0
3623 0
3624 0
3625 0
3626 0
3627 0
3628 0
3629 0
3630 0
3631 0
3632 0
3633 0
3634 0
3635 0
3636 0
3637 0
3638 0
3639 0
3640 0
3641 0
3642 0
3643 0
3644 0
3645 0
3646 0
3647 0
3648 0
3649 0
3650 0
3651 0
3652 0
3653 0
3654 0
3655 0
3656 0
3657 0
3658 0
3659 0
3660 0
3661 0
3662 0
3663 0
3664 0
3665 0
3666 0
3667 0
3668 0
3669 0
3670 0
3671 0
3672 0
3673 0
3674 0
3675 0
3676 0
3677 0
3678 0
3679 0
3680 0
3681 0
3682 0
3683 0
3684 0
3685 0
3686 0
3687 0
3688 0
3689 0
3690 0
3691 0
3692 8
3693 0
3694 0
3695 0
3696 0
3697 0
3698 0
3699 0
3700 0
3701 0
3702 0
3703 5
3704 5
3705 5
3706 5
3707 5
3708 5
3709 5
3710 5
3711 5
3712 0
3713 0
3714 0
3715 0
3716 0
3717 0
3718 0
3719 0
3720 0
3721 0
3722 0
3723 0
3724 0
3725 0
3726 0
3727 0
3728 0
3729 0
3730 0
3731 0
3732 0
3733 0
3734 0
3735 0
3736 0
3737 0
3738 0
3739 0
3740 0
3741 0
3742 0
3743 0
3744 0
3745 0
3746 0
3747 0
3748 0
3749 0
3750 0
3751 0
3752 0
3753 0
3754 0
3755 0
3756 0
3757 0
3758 0
3759 0
3760 0
3761 0
3762 0
3763 0
3764 0
3765 0
3766 0
3767 0
3768 0
3769 0
3770 0
3771 0
3772 0
3773 0
3774 0
3775 0
3776 0
3777 0
3778 0
3779 0
3780 0
3781 0
3782 0
3783 0
3784 0
3785 0
3786 0
3787 0
3788 0
3789 0
3790 0
3791 0
3792 0
3793 0
3794 0
3795 0
3796 0
3797 0
3798 0
3799 0
3800 0
3801 0
3802 0
3803 0
3804 0
3805 0
3806 0
3807 0
3808 0
3809 0
3810 0
3811 0
3812 0
3813 0
3814 0
3815 0
3816 0
3817 0
3818 0
3819 0
3820 0
3821 0
3822 0
3823 0
3824 0
3825 0
3826 0
3827 0
3828 5
3829 0
3830 5
3831 0
3832 0
3833 5
3834 0
3835 5
3836 0
3837 5
3838 0
3839 0
3840 5
3841 0
3842 5
3843 0
3844 0
3845 5
3846 0
3847 5
3848 0
3849 0
3850 5
3851 0
3852 6
3853 5
3854 0
3855 6
3856 5
3857 5
3858 5
3859 5
3860 5
3861 5
3862 5
3863 5
3864 5
3865 5
3866 5
3867 5
3868 5
3869 5
3870 5
3871 5
3872 5
3873 5
3874 5
3875 5
3876 5
3877 5
3878 5
3879 5
3880 5
3881 5
3882 5
3883 5
3884 5
3885 5
3886 5
3887 5
3888 5
3889 5
3890 5
3891 5
3892 5
3893 5
3894 5
3895 5
3896 4
3897 4
3898 4
3899 4
3900 4
3901 4
3902 4
3903 4
3904 4
3905 4
3906 4
3907 4
3908 4
3909 4
3910 4
3911 4
3912 4
3913 4
3914 4
3915 4
3916 4
3917 4
3918 4
3919 4
3920 4
3921 4
3922 4
3923 4
3924 4
3925 4
3926 4
3927 4
3928 4
3929 4
3930 4
3931 4
3932 5
3933 4
3934 5
3935 4
3936 5
3937 4
3938 5
3939 4
3940 5
3941 4
3942 4
3943 5
3944 4
3945 5
3946 4
3947 4
3948 5
3949 4
3950 5
3951 4
3952 4
3953 5
3954 4
3955 4
3956 5
3957 4
3958 4
3959 5
3960 5
3961 5
3962 5
3963 5
3964 5
3965 5
3966 5
3967 5
3968 5
3969 8
3970 4
3971 4
3972 4
3973 4
3974 4
3975 4
3976 4
3977 4
3978 4
3979 4
3980 4
3981 4
3982 6
3983 6
3984 6
3985 6
3986 6
3987 6
3988 6
3989 6
3990 6
3991 6
3992 8
3993 0
3994 5
3995 5
3996 5
3997 5
3998 5
3999 5
4000 5
4001 5
4002 0
4003 0
4004 0
4005 0
4006 0
4007 0
4008 0
4009 0
4010 0
4011 0
4012 0
4013 0
4014 0
4015 0
4016 0
4017 0
4018 0
4019 0
4020 0
4021 0
4022 0
4023 0
4024 0
4025 0
4026 0
4027 0
4028 0
4029 0
4030 0
4031 0
4032 0
4033 0
4034 0
4035 0
4036 0
4037 0
4038 0
4039 0
4040 0
4041 0
4042 0
4043 0
4044 0
4045 0
4046 0
4047 0
4048 0
4049 0
4050 0
4051 0
4052 0
4053 0
4054 0
4055 0
4056 0
4057 0
4058 0
4059 0
4060 0
4061 0
4062 0
4063 0
4064 0
4065 0
4066 0
4067 0
4068 0
4069 0
4070 0
4071 0
4072 0
4073 0
4074 0
4075 0
4076 0
4077 0
4078 0
4079 0
4080 0
4081 0
4082 0
4083 0
4084 0
4085 0
4086 5
4087 0
4088 0
4089 5
4090 0
4091 0
4092 5
4093 0
4094 0
4095 0
4096 5
4097 0
4098 0
4099 0
4100 0
4101 0
4102 0
4103 0
4104 0
4105 0
4106 0
4107 0
4108 0
4109 0
4110 0
4111 0
4112 0
4113 0
4114 0
4115 0
4116 0
4117 0
4118 0
4119 0
4120 0
4121 0
4122 0
4123 0
4124 0
4125 0
4126 5
4127 0
4128 5
4129 0
4130 5
4131 0
4132 0
4133 5
4134 0
4135 5
4136 0
4137 6
4138 5
4139 6
4140 5
4141 0
4142 6
4143 5
4144 6
4145 5
4146 6
4147 5
4148 6
4149 5
4150 6
4151 5
4152 0
4153 6
4154 5
4155 6
4156 5
4157 6
4158 5
4159 6
4160 5
4161 0
4162 6
4163 5
4164 6
4165 5
4166 5
4167 6
4168 5
4169 0
4170 6
4171 5
4172 6
4173 5
4174 6
4175 5
4176 6
4177 5
4178 0
4179 6
4180 5
4181 6
4182 5
4183 6
4184 5
4185 0
4186 6
4187 5
4188 5
4189 6
4190 5
4191 0
4192 6
4193 5
4194 6
4195 5
4196 6
4197 5
4198 0
4199 6
4200 5
4201 5
4202 6
4203 5
4204 0
4205 6
4206 5
4207 6
4208 5
4209 6
4210 5
4211 0
4212 2
4213 2
4214 2
4215 2
4216 2
4217 2
4218 2
4219 2
4220 2
4221 2
4222 2
4223 2
4224 2
4225 2
4226 2
4227 2
4228 2
4229 2
4230 2
4231 2
4232 2
4233 2
4234 2
4235 2
4236 2
4237 2
4238 2
4239 2
4240 2
4241 2
4242 2
4243 2
4244 6
4245 2
4246 2
4247 2
4248 2
4249 2
4250 2
4251 2
4252 2
4253 2
4254 2
4255 2
4256 2
4257 2
4258 2
4259 2
4260 2
4261 2
4262 2
4263 2
4264 2
4265 2
4266 4
4267 4
4268 4
4269 4
4270 4
4271 4
4272 4
4273 4
4274 6
4275 4
4276 4
4277 5
4278 6
4279 5
4280 6
4281 5
4282 6
4283 8
4284 0
4285 6
4286 0
4287 0
4288 0
4289 0
4290 0
4291 0
4292 0
4293 0
4294 0
4295 0
4296 0
4297 0
4298 0
4299 0
4300 0
4301 0
4302 0
4303 0
4304 0
4305 0
4306 0
4307 0
4308 0
4309 0
4310 0
4311 0
4312 0
4313 0
4314 0
4315 0
4316 0
4317 0
4318 0
4319 0
4320 0
4321 0
4322 0
4323 0
4324 0
4325 0
4326 0
4327 0
4328 0
4329 0
4330 0
4331 0
4332 0
4333 0
4334 0
4335 0
4336 0
4337 0
4338 0
4339 0
4340 0
4341 0
4342 0
4343 0
4344 0
4345 0
4346 0
4347 0
4348 0
4349 0
4350 0
4351 0
4352 0
4353 0
4354 0
4355 0
4356 0
4357 0
4358 0
4359 0
4360 0
4361 0
4362 0
4363 0
4364 0
4365 0
4366 0
4367 0
4368 0
4369 0
4370 0
4371 0
4372 0
4373 0
4374 0
4375 0
4376 0
4377 0
4378 0
4379 0
4380 0
4381 0
4382 0
4383 8
4384 6
4385 6
4386 6
4387 6
4388 6
4389 6
4390 6
4391 6
4392 6
4393 6
4394 6
4395 6
4396 6
4397 6
4398 6
4399 6
4400 6
4401 6
4402 6
4403 6
4404 6
4405 6
4406 6
4407 6
4408 0
4409 0
4410 0
4411 0
4412 0
4413 0
4414 0
4415 0
4416 0
4417 0
4418 0
4419 0
4420 0
4421 0
4422 0
4423 0
4424 0
4425 0
4426 0
4427 0
4428 0
4429 0
4430 0
4431 0
4432 0
4433 0
4434 0
4435 0
4436 0
4437 0
4438 0
4439 0
4440 0
4441 0
4442 0
4443 0
4444 0
4445 0
4446 0
4447 0
4448 0
4449 0
4450 0
4451 0
4452 0
4453 0
4454 0
4455 0
4456 0
4457 0
4458 0
4459 0
4460 0
4461 0
4462 0
4463 0
4464 0
4465 0
4466 0
4467 0
4468 0
4469 0
4470 0
4471 0
4472 0
4473 0
4474 0
4475 0
4476 0
4477 0
4478 0
4479 0
4480 0
4481 0
4482 0
4483 0
4484 0
4485 0
4486 0
4487 0
4488 0
4489 0
4490 0
4491 0
4492 0
4493 0
4494 0
4495 0
4496 0
4497 6
4498 6
4499 6
4500 6
4501 6
4502 6
4503 6
4504 6
4505 6
4506 5
4507 6
4508 6
4509 5
4510 6
4511 5
4512 6
4513 5
4514 6
4515 5
4516 6
4517 5
4518 6
4519 5
4520 6
4521 6
4522 5
4523 6
4524 5
4525 6
4526 5
4527 6
4528 5
4529 6
4530 5
4531 6
4532 5
4533 6
4534 5
4535 6
4536 5
4537 6
4538 5
4539 6
4540 5
4541 6
4542 5
4543 6
4544 5
4545 6
4546 5
4547 6
4548 5
4549 6
4550 5
4551 6
4552 5
4553 6
4554 5
4555 6
4556 5
4557 6
4558 5
4559 6
4560 5
4561 6
4562 5
4563 6
4564 5
4565 6
4566 5
4567 6
4568 5
4569 6
4570 5
4571 6
4572 5
4573 6
4574 5
4575 6
4576 5
4577 6
4578 5
4579 6
4580 5
4581 5
4582 6
4583 5
4584 6
4585 5
4586 6
4587 5
4588 6
4589 5
4590 6
4591 5
4592 5
4593 6
4594 5
4595 6
4596 5
4597 6
4598 5
4599 6
4600 5
4601 5
4602 6
4603 5
4604 6
4605 5
4606 6
4607 5
4608 5
4609 6
4610 5
4611 6
4612 5
4613 6
4614 5
4615 5
4616 6
4617 5
4618 6
4619 5
4620 6
4621 5
4622 5
4623 6
4624 5
4625 6
4626 5
4627 5
4628 6
4629 5
4630 6
4631 5
4632 5
4633 6
4634 5
4635 6
4636 5
4637 5
4638 6
4639 5
4640 5
4641 6
4642 4
4643 4
4644 4
4645 4
4646 4
4647 4
4648 4
4649 4
4650 4
4651 4
4652 4
4653 4
4654 4
4655 4
4656 4
4657 4
4658 4
4659 4
4660 4
4661 4
4662 4
4663 4
4664 4
4665 4
4666 4
4667 4
4668 4
4669 4
4670 4
4671 4
4672 4
4673 4
4674 4
4675 4
4676 4
4677 4
4678 4
4679 4
4680 4
4681 4
4682 4
4683 4
4684 4
4685 4
4686 4
4687 4
4688 4
4689 4
4690 4
4691 4
4692 4
4693 4
4694 4
4695 4
4696 4
4697 4
4698 4
4699 4
4700 4
4701 4
4702 4
4703 4
4704 4
4705 5
4706 5
4707 5
4708 5
4709 5
4710 5
4711 5
4712 5
4713 5
4714 5
4715 8
4716 5
4717 5
4718 5
4719 5
4720 5
4721 5
4722 5
4723 5
4724 5
4725 5
4726 3
4727 3
4728 3
4729 3
4730 3
4731 3
4732 3
4733 3
4734 3
4735 3
4736 3
4737 3
4738 3
4739 3
4740 3
4741 3
4742 3
4743 3
4744 3
4745 3
4746 3
4747 3
4748 3
4749 3
4750 3
4751 3
4752 6
4753 3
4754 3
4755 6
4756 3
4757 3
4758 6
4759 3
4760 3
4761 6
4762 3
4763 3
4764 6
4765 3
4766 3
4767 6
4768 3
4769 3
4770 6
4771 3
4772 3
4773 3
4774 6
4775 3
4776 3
4777 6
4778 3
4779 3
4780 6
4781 3
4782 3
4783 6
4784 3
4785 3
4786 6
4787 3
4788 3
4789 3
4790 8
4791 4
4792 4
4793 4
4794 4
4795 4
4796 4
4797 4
4798 4
4799 4
4800 4
4801 4
4802 4
4803 4
4804 4
4805 4
4806 4
4807 4
4808 4
4809 4
4810 4
4811 4
4812 4
4813 4
4814 4
4815 4
4816 4
4817 4
4818 4
4819 4
4820 4
4821 4
4822 4
4823 6
4824 6
4825 6
4826 6
4827 6
4828 4
4829 6
4830 6
4831 6
4832 6
4833 5
4834 6
4835 8
4836 2
4837 2
4838 2
4839 2
4840 2
4841 2
4842 6
4843 2
4844 2
4845 2
4846 2
4847 2
4848 2
4849 2
4850 2
4851 2
4852 2
4853 2
4854 2
4855 2
4856 2
4857 2
4858 2
4859 2
4860 2
4861 2
4862 2
4863 2
4864 2
4865 2
4866 2
4867 2
4868 2
4869 2
4870 2
4871 2
4872 2
4873 2
4874 2
4875 2
4876 2
4877 2
4878 2
4879 2
4880 2
4881 2
4882 2
4883 2
4884 2
4885 2
4886 2
4887 2
4888 2
4889 2
4890 2
4891 2
4892 2
4893 2
4894 2
4895 6
4896 2
4897 2
4898 2
4899 2
4900 2
4901 2
4902 2
4903 2
4904 2
4905 2
4906 2
4907 2
4908 2
4909 2
4910 2
4911 2
4912 2
4913 2
4914 2
4915 2
4916 2
4917 2
4918 2
4919 2
4920 2
4921 2
4922 2
4923 2
4924 2
4925 2
4926 2
4927 2
4928 2
4929 2
4930 2
4931 2
4932 0
4933 8
4934 6
4935 6
4936 6
4937 6
4938 6
4939 6
4940 6
4941 6
4942 6
4943 6
4944 6
4945 6
4946 6
4947 6
4948 6
4949 6
4950 6
4951 6
4952 6
4953 6
4954 4
4955 4
4956 4
4957 4
4958 4
4959 6
4960 6
4961 6
4962 6
4963 4
4964 4
4965 6
4966 6
4967 6
4968 6
4969 6
4970 6
4971 6
4972 5
4973 6
4974 5
4975 6
4976 5
4977 6
4978 8
4979 0
4980 0
4981 0
4982 0
4983 6
4984 6
4985 6
4986 6
4987 6
4988 6
4989 6
4990 6
4991 6
4992 6
4993 6
4994 6
4995 0
4996 0
4997 0
4998 0
4999 0
5000 0
5001 0
5002 0
5003 0
5004 0
5005 0
5006 0
5007 0
5008 0
5009 0
5010 0
5011 0
5012 0
5013 0
5014 0
5015 0
5016 0
5017 0
5018 0
5019 0
5020 0
5021 0
5022 0
5023 0
5024 0
5025 0
5026 0
5027 0
5028 0
5029 0
5030 0
5031 0
5032 0
5033 0
5034 0
5035 0
5036 0
5037 0
5038 0
5039 0
5040 0
5041 0
5042 0
5043 0
5044 0
5045 0
5046 0
5047 0
5048 0
5049 0
5050 0
5051 0
5052 0
5053 0
5054 0
5055 0
5056 0
5057 0
5058 0
5059 0
5060 0
5061 0
5062 0
5063 0
5064 0
5065 0
5066 0
5067 0
5068 0
5069 0
5070 0
5071 0
5072 0
5073 0
5074 0
5075 0
5076 0
5077 0
5078 0
5079 0
5080 0
5081 0
5082 0
5083 0
5084 0
5085 0
5086 0
5087 0
5088 0
5089 0
5090 0
5091 0
5092 0
5093 0
5094 0
5095 0
5096 0
5097 0
5098 0
5099 0
5100 8
5101 4
5102 4
5103 4
5104 4
5105 4
5106 4
5107 4
5108 4
5109 4
5110 4
5111 4
5112 4
5113 4
5114 4
5115 4
5116 4
5117 4
5118 4
5119 4
5120 4
5121 4
5122 4
5123 4
5124 4
5125 4
5126 4
5127 4
5128 4
5129 4
5130 4
5131 4
5132 4
5133 4
5134 4
5135 4
5136 4
5137 4
5138 4
5139 4
5140 4
5141 4
5142 4
5143 4
5144 4
5145 4
5146 4
5147 4
5148 4
5149 4
5150 4
5151 4
5152 4
5153 6
5154 6
5155 6
5156 4
5157 6
5158 6
5159 6
5160 6
5161 6
5162 6
5163 6
5164 6
5165 6
5166 6
5167 6
5168 6
5169 6
5170 6
5171 6
5172 6
5173 6
5174 6
5175 6
5176 6
5177 6
5178 6
5179 6
5180 6
5181 6
5182 6
5183 6
5184 6
5185 6
5186 6
5187 6
5188 6
5189 6
5190 6
5191 6
5192 8
5193 2
5194 2
5195 2
5196 2
5197 2
5198 2
5199 2
5200 2
5201 2
5202 2
5203 2
5204 2
5205 2
5206 2
5207 2
5208 2
5209 2
5210 2
5211 2
5212 2
5213 6
5214 2
5215 5
5216 5
5217 5
5218 5
5219 5
5220 5
5221 5
5222 5
5223 5
5224 5
5225 5
5226 5
5227 5
5228 4
5229 4
5230 4
5231 4
5232 4
5233 4
5234 4
5235 5
5236 4
5237 4
5238 4
5239 4
5240 4
5241 4
5242 4
5243 4
5244 4
5245 4
5246 5
5247 5
5248 5
5249 5
5250 5
5251 5
5252 4
5253 5
5254 5
5255 5
5256 6
5257 5
5258 8
5259 4
5260 4
5261 4
5262 4
5263 4
5264 4
5265 4
5266 4
5267 4
5268 4
5269 4
5270 4
5271 4
5272 4
5273 4
5274 4
5275 4
5276 4
5277 4
5278 4
5279 4
5280 4
5281 4
5282 4
5283 4
5284 4
5285 4
5286 4
5287 4
5288 4
5289 4
5290 4
5291 4
5292 4
5293 4
5294 4
5295 4
5296 4
5297 4
5298 4
5299 4
5300 4
5301 4
5302 4
5303 4
5304 4
5305 4
5306 4
5307 4
5308 4
5309 4
5310 4
5311 4
5312 4
5313 4
5314 4
5315 4
5316 4
5317 4
5318 4
5319 4
5320 4
5321 4
5322 4
5323 4
5324 4
5325 4
5326 4
5327 4
5328 4
5329 4
5330 4
5331 4
5332 4
5333 4
5334 4
5335 4
5336 4
5337 4
5338 4
5339 4
5340 4
5341 4
5342 4
5343 4
5344 4
5345 4
5346 4
5347 4
5348 4
5349 4
5350 4
5351 4
5352 4
5353 4
5354 4
5355 6
5356 6
5357 6
5358 6
5359 6
5360 6
5361 6
5362 6
5363 6
5364 6
5365 6
5366 6
5367 6
5368 6
5369 6
5370 6
5371 6
5372 6
5373 6
5374 6
5375 6
5376 6
5377 6
5378 6
5379 6
5380 6
5381 6
5382 6
5383 6
5384 6
5385 6
5386 6
5387 6
5388 6
5389 6
5390 6
5391 8
5392 4
5393 4
5394 4
5395 4
5396 4
5397 4
5398 4
5399 4
5400 4
5401 4
5402 4
5403 4
5404 4
5405 4
5406 4
5407 4
5408 4
5409 4
5410 4
5411 4
5412 4
5413 4
5414 4
5415 4
5416 4
5417 4
5418 4
5419 4
5420 4
5421 4
5422 4
5423 4
5424 4
5425 4
5426 4
5427 4
5428 4
5429 4
5430 4
5431 4
5432 4
5433 4
5434 4
5435 4
5436 4
5437 4
5438 4
5439 4
5440 4
5441 4
5442 4
5443 4
5444 4
5445 4
5446 6
5447 6
5448 6
5449 4
5450 4
5451 4
5452 4
5453 4
5454 4
5455 4
5456 4
5457 4
5458 4
5459 4
5460 4
5461 4
5462 4
5463 4
5464 4
5465 4
5466 4
5467 4
5468 4
5469 4
5470 4
5471 4
5472 4
5473 6
5474 6
5475 6
5476 6
5477 6
5478 6
5479 6
5480 6
5481 6
5482 6
5483 6
5484 6
5485 6
5486 6
5487 6
5488 6
5489 6
5490 6
5491 6
5492 6
5493 6
5494 6
5495 6
5496 6
5497 6
5498 6
5499 6
5500 6
5501 6
5502 6
5503 6
5504 6
5505 6
5506 6
5507 6
5508 6
5509 6
5510 8
5511 4
5512 4
5513 4
5514 4
5515 4
5516 4
5517 4
5518 4
5519 4
5520 4
5521 4
5522 4
5523 4
5524 4
5525 4
5526 4
5527 4
5528 4
5529 4
5530 4
5531 4
5532 4
5533 4
5534 4
5535 4
5536 4
5537 4
5538 4
5539 4
5540 4
5541 4
5542 4
5543 4
5544 4
5545 4
5546 4
5547 4
5548 4
5549 4
5550 4
5551 4
5552 4
5553 4
5554 4
5555 4
5556 4
5557 4
5558 4
5559 4
5560 4
5561 4
5562 4
5563 6
5564 6
5565 6
5566 6
5567 6
5568 6
5569 6
5570 6
5571 6
5572 6
5573 4
5574 4
5575 4
5576 4
5577 4
5578 4
5579 4
5580 4
5581 4
5582 4
5583 4
5584 4
5585 4
5586 4
5587 4
5588 4
5589 4
5590 6
5591 6
5592 6
5593 6
5594 4
5595 6
5596 6
5597 4
5598 6
5599 6
5600 6
5601 4
5602 6
5603 6
5604 4
5605 6
5606 4
5607 6
5608 6
5609 4
5610 6
5611 4
5612 6
5613 6
5614 4
5615 6
5616 4
5617 6
5618 4
5619 6
5620 4
5621 6
5622 4
5623 4
5624 6
5625 4
5626 6
5627 4
5628 6
5629 4
5630 4
5631 6
5632 4
5633 4
5634 6
5635 4
5636 4
5637 6
5638 4
5639 4
5640 4
5641 4
5642 6
5643 4
5644 4
5645 4
5646 4
5647 4
5648 6
5649 4
5650 4
5651 4
5652 4
5653 4
5654 4
5655 4
5656 4
5657 4
5658 4
5659 4
5660 4
5661 4
5662 4
5663 4
5664 4
5665 4
5666 6
5667 6
5668 6
5669 6
5670 6
5671 6
5672 6
5673 6
5674 6
5675 6
5676 6
5677 6
5678 6
5679 6
5680 6
5681 6
5682 6
5683 6
5684 5
5685 6
5686 5
5687 6
5688 5
5689 6
5690 8
5691 5
5692 5
5693 5
5694 5
5695 5
5696 5
5697 5
5698 5
5699 5
5700 5
5701 5
5702 5
5703 5
5704 4
5705 4
5706 4
5707 4
5708 4
5709 4
5710 4
5711 4
5712 4
5713 4
5714 5
5715 4
5716 4
5717 4
5718 4
5719 4
5720 5
5721 5
5722 5
5723 5
5724 4
5725 5
5726 5
5727 5
5728 5
5729 5
5730 4
5731 6
5732 5
5733 6
5734 5
5735 6
5736 5
5737 8
5738 2
5739 2
5740 2
5741 2
5742 2
5743 2
5744 2
5745 2
5746 2
5747 2
5748 2
5749 2
5750 2
5751 2
5752 2
5753 2
5754 2
5755 2
5756 2
5757 2
5758 2
5759 2
5760 2
5761 2
5762 2
5763 2
5764 2
5765 2
5766 2
5767 2
5768 2
5769 2
5770 2
5771 2
5772 4
5773 4
5774 4
5775 4
5776 4
5777 6
5778 4
5779 8
5780 5
5781 5
5782 5
5783 5
5784 4
5785 4
5786 4
5787 4
5788 4
5789 4
5790 4
5791 4
5792 4
5793 4
5794 4
5795 4
5796 4
5797 4
5798 4
5799 4
5800 4
5801 4
5802 5
5803 4
5804 5
5805 5
5806 5
5807 5
5808 5
5809 5
5810 5
5811 5
5812 5
5813 5
5814 5
5815 5
5816 5
5817 5
5818 5
5819 5
5820 5
5821 5
5822 5
5823 5
5824 5
5825 5
5826 5
5827 5
5828 5
5829 5
5830 5
5831 5
5832 5
5833 5
5834 5
5835 5
5836 5
5837 4
5838 4
5839 4
5840 4
5841 4
5842 4
5843 4
5844 4
5845 4
5846 4
5847 5
5848 4
5849 5
5850 5
5851 4
5852 5
5853 4
5854 5
5855 4
5856 5
5857 4
5858 5
5859 4
5860 5
5861 4
5862 5
5863 4
5864 5
5865 4
5866 4
5867 5
5868 4
5869 5
5870 4
5871 3
5872 3
5873 3
5874 3
5875 3
5876 3
5877 3
5878 3
5879 3
5880 3
5881 6
5882 3
5883 8
5884 4
5885 4
5886 4
5887 4
5888 4
5889 4
5890 4
5891 4
5892 4
5893 4
5894 4
5895 4
5896 4
5897 4
5898 4
5899 4
5900 4
5901 4
5902 4
5903 4
5904 4
5905 4
5906 4
5907 4
5908 4
5909 4
5910 4
5911 4
5912 4
5913 4
5914 4
5915 4
5916 4
5917 4
5918 4
5919 4
5920 4
5921 4
5922 4
5923 4
5924 4
5925 4
5926 4
5927 4
5928 4
5929 4
5930 4
5931 6
5932 6
5933 6
5934 4
5935 6
5936 6
5937 6
5938 6
5939 6
5940 6
5941 6
5942 6
5943 6
5944 6
5945 6
5946 4
5947 6
5948 6
5949 6
5950 6
5951 6
5952 4
5953 6
5954 6
5955 6
5956 6
5957 4
5958 6
5959 6
5960 6
5961 4
5962 6
5963 6
5964 6
5965 4
5966 6
5967 6
5968 4
5969 6
5970 6
5971 4
5972 6
5973 6
5974 4
5975 6
5976 6
5977 4
5978 8
5979 2
5980 2
5981 2
5982 2
5983 2
5984 2
5985 2
5986 2
5987 2
5988 2
5989 2
5990 2
5991 2
5992 2
5993 2
5994 2
5995 2
5996 0
5997 6
5998 5
5999 6
6000 8
6001 6
6002 6
6003 6
6004 6
6005 6
6006 6
6007 6
6008 6
6009 6
6010 6
6011 6
6012 6
6013 6
6014 6
6015 0
6016 0
6017 0
6018 0
6019 0
6020 0
6021 0
6022 0
6023 0
6024 0
6025 0
6026 0
6027 0
6028 0
6029 0
6030 0
6031 0
6032 0
6033 0
6034 0
6035 0
6036 0
6037 0
6038 0
6039 0
6040 0
6041 0
6042 0
6043 0
6044 0
6045 0
6046 0
6047 0
6048 0
6049 0
6050 0
6051 0
6052 0
6053 0
6054 0
6055 0
6056 0
6057 0
6058 0
6059 0
6060 0
6061 0
6062 0
6063 0
6064 0
6065 0
6066 0
6067 0
6068 0
6069 0
6070 0
6071 0
6072 0
6073 0
6074 0
6075 0
6076 0
6077 0
6078 0
6079 0
6080 0
6081 0
6082 0
6083 0
6084 0
6085 0
6086 0
6087 0
6088 0
6089 0
6090 0
6091 0
6092 0
6093 0
6094 0
6095 0
6096 0
6097 0
6098 0
6099 0
6100 0
6101 0
6102 0
6103 0
6104 0
6105 0
6106 0
6107 0
6108 0
6109 0
6110 0
6111 0
6112 0
6113 0
6114 0
6115 0
6116 0
6117 0
6118 0
6119 0
6120 0
6121 0
6122 0
6123 0
6124 0
6125 0
6126 0
6127 0
6128 0
6129 0
6130 0
6131 0
6132 0
6133 0
6134 0
6135 0
6136 0
6137 0
6138 0
6139 0
6140 0
6141 0
6142 0
6143 0
6144 0
6145 0
6146 0
6147 0
6148 0
6149 0
6150 0
6151 0
6152 0
6153 6
6154 6
6155 6
6156 6
6157 6
6158 0
6159 6
6160 6
6161 6
6162 5
6163 6
6164 5
6165 6
6166 5
6167 0
6168 6
6169 6
6170 5
6171 6
6172 5
6173 6
6174 5
6175 0
6176 6
6177 5
6178 6
6179 5
6180 6
6181 5
6182 0
6183 6
6184 5
6185 6
6186 5
6187 6
6188 0
6189 5
6190 6
6191 6
6192 5
6193 6
6194 5
6195 0
6196 6
6197 5
6198 6
6199 5
6200 6
6201 5
6202 0
6203 6
6204 5
6205 6
6206 5
6207 0
6208 6
6209 5
6210 6
6211 5
6212 6
6213 5
6214 0
6215 6
6216 5
6217 6
6218 5
6219 0
6220 6
6221 5
6222 6
6223 5
6224 0
6225 6
6226 5
6227 6
6228 5
6229 0
6230 6
6231 5
6232 6
6233 5
6234 0
6235 6
6236 5
6237 6
6238 5
6239 0
6240 6
6241 5
6242 5
6243 6
6244 5
6245 0
6246 6
6247 5
6248 0
6249 6
6250 5
6251 6
6252 5
6253 0
6254 6
6255 5
6256 6
6257 5
6258 0
6259 6
6260 5
6261 5
6262 0
6263 6
6264 5
6265 6
6266 5
6267 0
6268 6
6269 5
6270 0
6271 6
6272 5
6273 0
6274 6
6275 5
6276 5
6277 0
6278 6
6279 5
6280 6
6281 5
6282 0
6283 6
6284 5
6285 0
6286 5
6287 6
6288 5
6289 0
6290 6
6291 5
6292 0
6293 6
6294 5
6295 0
6296 5
6297 6
6298 5
6299 0
6300 6
6301 5
6302 0
6303 6
6304 5
6305 0
6306 5
6307 6
6308 5
6309 0
6310 6
6311 5
6312 0
6313 6
6314 5
6315 0
6316 5
6317 0
6318 6
6319 5
6320 0
6321 6
6322 5
6323 5
6324 0
6325 0
6326 6
6327 5
6328 0
6329 6
6330 5
6331 5
6332 0
6333 0
6334 6
6335 5
6336 0
6337 6
6338 5
6339 5
6340 0
6341 6
6342 6
6343 6
6344 6
6345 6
6346 6
6347 6
6348 6
6349 6
6350 6
6351 0
6352 0
6353 0
6354 0
6355 0
6356 0
6357 0
6358 0
6359 0
6360 0
6361 0
6362 0
6363 0
6364 0
6365 0
6366 0
6367 0
6368 0
6369 0
6370 0
6371 0
6372 0
6373 0
6374 0
6375 0
6376 0
6377 0
6378 0
6379 0
6380 0
6381 0
6382 0
6383 0
6384 0
6385 0
6386 0
6387 0
6388 0
6389 0
6390 0
6391 0
6392 0
6393 0
6394 0
6395 0
6396 0
6397 0
6398 0
6399 0
6400 0
6401 0
6402 0
6403 0
6404 0
6405 0
6406 0
6407 0
6408 0
6409 0
6410 0
6411 0
6412 0
6413 0
6414 0
6415 0
6416 0
6417 0
6418 0
6419 0
6420 0
6421 0
6422 0
6423 0
6424 0
6425 0
6426 0
6427 0
6428 0
6429 0
6430 0
6431 0
6432 0
6433 0
6434 0
6435 0
6436 0
6437 6
6438 6
6439 6
6440 6
6441 6
6442 6
6443 6
6444 5
6445 6
6446 5
6447 6
6448 5
6449 6
6450 5
6451 6
6452 5
6453 6
6454 5
6455 6
6456 5
6457 6
6458 6
6459 5
6460 6
6461 5
6462 6
6463 5
6464 6
6465 5
6466 6
6467 5
6468 6
6469 5
6470 6
6471 5
6472 6
6473 5
6474 6
6475 5
6476 6
6477 5
6478 6
6479 5
6480 6
6481 5
6482 6
6483 5
6484 6
6485 5
6486 6
6487 5
6488 6
6489 5
6490 6
6491 5
6492 6
6493 5
6494 6
6495 5
6496 6
6497 5
6498 6
6499 5
6500 6
6501 5
6502 6
6503 5
6504 6
6505 5
6506 6
6507 5
6508 6
6509 5
6510 6
6511 5
6512 6
6513 5
6514 6
6515 5
6516 6
6517 5
6518 6
6519 5
6520 5
6521 6
6522 5
6523 6
6524 5
6525 6
6526 5
6527 6
6528 5
6529 6
6530 5
6531 5
6532 6
6533 5
6534 6
6535 5
6536 6
6537 5
6538 6
6539 5
6540 6
6541 5
6542 5
6543 6
6544 5
6545 6
6546 5
6547 6
6548 5
6549 5
6550 6
6551 5
6552 6
6553 5
6554 6
6555 5
6556 5
6557 6
6558 5
6559 6
6560 5
6561 5
6562 6
6563 5
6564 6
6565 5
6566 6
6567 5
6568 5
6569 6
6570 5
6571 6
6572 5
6573 5
6574 6
6575 5
6576 6
6577 5
6578 5
6579 6
6580 5
6581 6
6582 5
6583 5
6584 6
6585 5
6586 5
6587 6
6588 5
6589 6
6590 5
6591 5
6592 6
6593 5
6594 6
6595 5
6596 5
6597 6
6598 5
6599 5
6600 6
6601 5
6602 5
6603 6
6604 5
6605 6
6606 5
6607 5
6608 6
6609 5
6610 5
6611 6
6612 5
6613 5
6614 6
6615 5
6616 5
6617 6
6618 5
6619 6
6620 5
6621 5
6622 6
6623 5
6624 5
6625 6
6626 5
6627 5
6628 2
6629 2
6630 2
6631 2
6632 2
6633 2
6634 2
6635 2
6636 2
6637 2
6638 2
6639 2
6640 2
6641 2
6642 2
6643 2
6644 2
6645 4
6646 8
6647 2
6648 0
6649 0
6650 0
6651 0
6652 0
6653 0
6654 0
6655 0
6656 0
6657 0
6658 0
6659 0
6660 0
6661 0
6662 0
6663 0
6664 0
6665 0
6666 0
6667 0
6668 0
6669 0
6670 0
6671 0
6672 0
6673 0
6674 0
6675 0
6676 0
6677 0
6678 0
6679 0
6680 0
6681 0
6682 6
6683 5
6684 6
6685 5
6686 6
6687 5
6688 6
6689 6
6690 5
6691 6
6692 5
6693 6
6694 5
6695 6
6696 5
6697 6
6698 5
6699 6
6700 5
6701 6
6702 5
6703 6
6704 5
6705 6
6706 6
6707 5
6708 6
6709 5
6710 6
6711 5
6712 6
6713 5
6714 6
6715 5
6716 6
6717 5
6718 6
6719 5
6720 6
6721 5
6722 6
6723 5
6724 6
6725 5
6726 6
6727 5
6728 6
6729 5
6730 6
6731 5
6732 6
6733 5
6734 6
6735 5
6736 6
6737 5
6738 6
6739 5
6740 6
6741 5
6742 6
6743 5
6744 6
6745 5
6746 6
6747 5
6748 6
6749 5
6750 5
6751 6
6752 5
6753 6
6754 5
6755 6
6756 5
6757 6
6758 5
6759 8
6760 6
6761 6
6762 6
6763 6
6764 6
6765 6
6766 6
6767 6
6768 6
6769 6
6770 6
6771 6
6772 6
6773 6
6774 6
6775 6
6776 6
6777 0
6778 0
6779 0
6780 0
6781 0
6782 0
6783 0
6784 0
6785 0
6786 0
6787 0
6788 0
6789 0
6790 0
6791 0
6792 0
6793 0
6794 0
6795 0
6796 0
6797 0
6798 0
6799 0
6800 0
6801 0
6802 0
6803 0
6804 0
6805 0
6806 0
6807 0
6808 0
6809 0
6810 0
6811 0
6812 0
6813 0
6814 0
6815 0
6816 0
6817 0
6818 0
6819 0
6820 0
6821 0
6822 0
6823 0
6824 0
6825 0
6826 0
6827 0
6828 0
6829 0
6830 0
6831 0
6832 0
6833 0
6834 0
6835 0
6836 0
6837 0
6838 0
6839 0
6840 0
6841 0
6842 0
6843 0
6844 0
6845 0
6846 0
6847 0
6848 0
6849 0
6850 0
6851 0
6852 0
6853 0
6854 0
6855 0
6856 0
6857 0
6858 0
6859 0
6860 0
6861 0
6862 0
6863 0
6864 0
6865 0
6866 0
6867 0
6868 0
6869 0
6870 0
6871 0
6872 0
6873 0
6874 0
6875 0
6876 0
6877 0
6878 0
6879 0
6880 0
6881 0
6882 0
6883 0
6884 0
6885 0
6886 0
6887 0
6888 0
6889 0
6890 0
6891 0
6892 0
6893 0
6894 0
6895 0
6896 0
6897 0
6898 0
6899 0
6900 0
6901 0
6902 0
6903 0
6904 0
6905 0
6906 0
6907 0
6908 0
6909 0
6910 0
6911 0
6912 0
6913 0
6914 0
6915 0
6916 0
6917 0
6918 0
6919 0
6920 0
6921 0
6922 0
6923 0
6924 0
6925 0
6926 0
6927 0
6928 0
6929 0
6930 0
6931 0
6932 0
6933 0
6934 0
6935 0
6936 0
6937 0
6938 0
6939 0
6940 0
6941 6
6942 6
6943 6
6944 0
6945 6
6946 6
6947 0
6948 6
6949 6
6950 0
6951 6
6952 5
6953 6
6954 5
6955 0
6956 6
6957 5
6958 0
6959 6
6960 5
6961 6
6962 0
6963 5
6964 6
6965 0
6966 5
6967 6
6968 6
6969 5
6970 0
6971 6
6972 5
6973 0
6974 6
6975 5
6976 0
6977 6
6978 5
6979 0
6980 6
6981 5
6982 0
6983 6
6984 5
6985 0
6986 6
6987 5
6988 0
6989 6
6990 0
6991 5
6992 6
6993 0
6994 5
6995 0
6996 6
6997 5
6998 0
6999 6
7000 0
7001 5
7002 6
7003 0
7004 0
7005 5
7006 6
7007 0
7008 6
7009 5
7010 0
7011 0
7012 4
7013 4
7014 4
7015 4
7016 4
7017 4
7018 4
7019 4
7020 4
7021 4
7022 4
7023 4
7024 4
7025 4
7026 4
7027 4
7028 4
7029 4
7030 4
7031 4
7032 4
7033 4
7034 4
7035 4
7036 4
7037 4
7038 4
7039 4
7040 4
7041 4
7042 4
7043 4
7044 4
7045 4
7046 4
7047 4
7048 4
7049 4
7050 4
7051 6
7052 6
7053 6
7054 6
7055 6
7056 6
7057 6
7058 6
7059 6
7060 6
7061 6
7062 6
7063 6
7064 6
7065 6
7066 4
7067 6
7068 6
7069 8
7070 2
7071 2
7072 2
7073 2
7074 2
7075 2
7076 2
7077 2
7078 2
7079 2
7080 2
7081 2
7082 2
7083 2
7084 2
7085 2
7086 2
7087 2
7088 2
7089 2
7090 2
7091 2
7092 2
7093 2
7094 2
7095 2
7096 2
7097 2
7098 2
7099 2
7100 2
7101 2
7102 2
7103 2
7104 2
7105 2
7106 2
7107 2
7108 2
7109 2
7110 2
7111 2
7112 2
7113 2
7114 2
7115 2
7116 2
7117 2
7118 2
7119 2
7120 2
7121 2
7122 2
7123 2
7124 2
7125 2
7126 2
7127 2
7128 2
7129 2
7130 2
7131 2
7132 2
7133 2
7134 2
7135 2
7136 2
7137 2
7138 2
7139 2
7140 2
7141 2
7142 2
7143 2
7144 2
7145 8
7146 4
7147 4
7148 4
7149 4
7150 4
7151 4
7152 4
7153 4
7154 4
7155 4
7156 4
7157 4
7158 4
7159 4
7160 4
7161 4
7162 4
7163 4
7164 4
7165 4
7166 4
7167 4
7168 4
7169 4
7170 4
7171 4
7172 4
7173 4
7174 4
7175 4
7176 4
7177 4
7178 4
7179 4
7180 4
7181 4
7182 4
7183 4
7184 4
7185 4
7186 4
7187 4
7188 4
7189 4
7190 4
7191 4
7192 4
7193 4
7194 4
7195 4
7196 4
7197 4
7198 4
7199 4
7200 4
7201 4
7202 4
7203 4
7204 4
7205 4
7206 4
7207 4
7208 4
7209 4
7210 4
7211 4
7212 4
7213 4
7214 4
7215 4
7216 4
7217 4
7218 4
7219 4
7220 4
7221 4
7222 4
7223 4
7224 4
7225 4
7226 4
7227 4
7228 4
7229 4
7230 4
7231 5
7232 4
7233 5
7234 4
7235 5
7236 4
7237 4
7238 5
7239 4
7240 5
7241 4
7242 5
7243 4
7244 4
7245 5
7246 3
7247 3
7248 5
7249 5
7250 5
7251 5
7252 5
7253 5
7254 8
7255 6
7256 6
7257 6
7258 6
7259 6
7260 6
7261 6
7262 6
7263 6
7264 6
7265 6
7266 6
7267 6
7268 6
7269 6
7270 6
7271 6
7272 0
7273 0
7274 0
7275 0
7276 0
7277 0
7278 0
7279 6
7280 6
7281 6
7282 6
7283 6
7284 6
7285 6
7286 0
7287 0
7288 0
7289 0
7290 0
7291 0
7292 0
7293 0
7294 0
7295 0
7296 0
7297 0
7298 0
7299 0
7300 0
7301 0
7302 0
7303 0
7304 0
7305 0
7306 0
7307 0
7308 0
7309 0
7310 0
7311 0
7312 0
7313 0
7314 0
7315 0
7316 0
7317 0
7318 0
7319 0
7320 0
7321 0
7322 0
7323 0
7324 0
7325 0
7326 0
7327 0
7328 0
7329 0
7330 0
7331 0
7332 0
7333 0
7334 0
7335 0
7336 0
7337 0
7338 0
7339 0
7340 0
7341 0
7342 0
7343 0
7344 0
7345 0
7346 0
7347 0
7348 0
7349 0
7350 0
7351 0
7352 0
7353 0
7354 6
7355 6
7356 6
7357 6
7358 5
7359 6
7360 5
7361 6
7362 5
7363 6
7364 6
7365 5
7366 6
7367 5
7368 6
7369 5
7370 6
7371 5
7372 6
7373 5
7374 6
7375 5
7376 6
7377 5
7378 6
7379 5
7380 6
7381 6
7382 5
7383 6
7384 5
7385 6
7386 5
7387 6
7388 5
7389 6
7390 5
7391 6
7392 5
7393 6
7394 5
7395 6
7396 5
7397 6
7398 5
7399 6
7400 5
7401 6
7402 5
7403 6
7404 5
7405 6
7406 5
7407 6
7408 5
7409 6
7410 5
7411 6
7412 5
7413 6
7414 5
7415 6
7416 5
7417 6
7418 5
7419 6
7420 5
7421 6
7422 5
7423 6
7424 5
7425 6
7426 5
7427 5
7428 6
7429 5
7430 6
7431 5
7432 6
7433 5
7434 6
7435 5
7436 6
7437 5
7438 6
7439 5
7440 5
7441 6
7442 5
7443 6
7444 5
7445 6
7446 8
7447 4
7448 4
7449 4
7450 4
7451 4
7452 4
7453 4
7454 4
7455 4
7456 4
7457 4
7458 4
7459 4
7460 4
7461 4
7462 4
7463 4
7464 4
7465 6
7466 6
7467 6
7468 6
7469 6
7470 6
7471 6
7472 6
7473 6
7474 6
7475 6
7476 6
7477 6
7478 6
7479 6
7480 6
7481 6
7482 6
7483 6
7484 6
7485 6
7486 6
7487 6
7488 6
7489 6
7490 6
7491 6
7492 6
7493 6
7494 4
7495 4
7496 6
7497 4
7498 6
7499 6
7500 6
7501 6
7502 6
7503 6
7504 4
7505 6
7506 6
7507 6
7508 6
7509 6
7510 6
7511 4
7512 6
7513 6
7514 6
7515 6
7516 4
7517 6
7518 6
7519 6
7520 6
7521 4
7522 6
7523 6
7524 6
7525 4
7526 6
7527 6
7528 5
7529 6
7530 6
7531 5
7532 6
7533 5
7534 6
7535 5
7536 6
7537 5
7538 6
7539 8
7540 6
7541 6
7542 6
7543 6
7544 6
7545 0
7546 0
7547 0
7548 0
7549 0
7550 0
7551 0
7552 0
7553 0
7554 0
7555 0
7556 0
7557 0
7558 0
7559 0
7560 0
7561 0
7562 0
7563 0
7564 0
7565 0
7566 0
7567 0
7568 0
7569 0
7570 0
7571 0
7572 0
7573 0
7574 0
7575 0
7576 0
7577 0
7578 0
7579 0
7580 0
7581 0
7582 0
7583 0
7584 0
7585 0
7586 0
7587 0
7588 0
7589 0
7590 0
7591 0
7592 0
7593 0
7594 0
7595 0
7596 0
7597 0
7598 0
7599 0
7600 0
7601 0
7602 0
7603 0
7604 0
7605 0
7606 0
7607 0
7608 0
7609 0
7610 0
7611 0
7612 0
7613 0
7614 0
7615 0
7616 0
7617 0
7618 0
7619 0
7620 0
7621 0
7622 0
7623 0
7624 0
7625 0
7626 0
7627 0
7628 0
7629 0
7630 0
7631 0
7632 0
7633 0
7634 0
7635 0
7636 0
7637 0
7638 0
7639 0
7640 0
7641 0
7642 0
7643 0
7644 0
7645 0
7646 0
7647 0
7648 0
7649 0
7650 0
7651 0
7652 0
7653 0
7654 0
7655 0
7656 0
7657 0
7658 0
7659 0
7660 0
7661 0
7662 0
7663 0
7664 0
7665 0
7666 0
7667 0
7668 0
7669 0
7670 0
7671 0
7672 0
7673 0
7674 0
7675 0
7676 0
7677 0
7678 0
7679 0
7680 0
7681 0
7682 0
7683 0
7684 0
7685 0
7686 0
7687 0
7688 0
7689 0
7690 0
7691 0
7692 0
7693 0
7694 0
7695 0
7696 0
7697 0
7698 0
7699 0
7700 0
7701 0
7702 0
7703 0
7704 0
7705 0
7706 0
7707 0
7708 0
7709 0
7710 0
7711 0
7712 0
7713 0
7714 0
7715 0
7716 0
7717 0
7718 0
7719 0
7720 0
7721 0
7722 0
7723 0
7724 0
7725 0
7726 0
7727 0
7728 0
7729 0
7730 0
7731 0
7732 0
7733 0
7734 0
7735 0
7736 0
7737 0
7738 0
7739 0
7740 0
7741 0
7742 0
7743 0
7744 0
7745 0
7746 0
7747 0
7748 0
7749 0
7750 4
7751 4
7752 4
7753 4
7754 6
7755 6
7756 6
7757 6
7758 6
7759 6
7760 6
7761 6
7762 6
7763 6
7764 6
7765 6
7766 6
7767 6
7768 6
7769 6
7770 6
7771 6
7772 6
7773 6
7774 6
7775 6
7776 6
7777 6
7778 6
7779 6
7780 6
7781 6
7782 6
7783 6
7784 6
7785 6
7786 6
7787 6
7788 6
7789 6
7790 6
7791 6
7792 4
7793 6
7794 6
7795 4
7796 6
7797 6
7798 6
7799 6
7800 6
7801 6
7802 5
7803 6
7804 6
7805 5
7806 6
7807 5
7808 6
7809 5
7810 6
7811 5
7812 6
7813 5
7814 6
7815 8
7816 6
7817 6
7818 6
7819 6
7820 4
7821 4
7822 4
7823 4
7824 4
7825 4
7826 4
7827 4
7828 4
7829 4
7830 4
7831 4
7832 4
7833 4
7834 4
7835 4
7836 6
7837 6
7838 6
7839 6
7840 6
7841 6
7842 6
7843 6
7844 6
7845 6
7846 6
7847 6
7848 6
7849 6
7850 6
7851 6
7852 6
7853 6
7854 5
7855 6
7856 5
7857 6
7858 5
7859 6
7860 5
7861 6
7862 8
7863 4
7864 4
7865 4
7866 4
7867 4
7868 4
7869 4
7870 4
7871 4
7872 4
7873 4
7874 4
7875 4
7876 4
7877 4
7878 4
7879 4
7880 4
7881 4
7882 4
7883 4
7884 4
7885 4
7886 4
7887 4
7888 4
7889 4
7890 4
7891 4
7892 4
7893 4
7894 4
7895 4
7896 4
7897 4
7898 4
7899 4
7900 4
7901 4
7902 4
7903 4
7904 4
7905 4
7906 4
7907 4
7908 4
7909 4
7910 4
7911 4
7912 4
7913 4
7914 4
7915 6
7916 6
7917 6
7918 4
7919 4
7920 4
7921 4
7922 4
7923 4
7924 4
7925 6
7926 6
7927 6
7928 6
7929 6
7930 6
7931 6
7932 6
7933 6
7934 4
7935 6
7936 6
7937 6
7938 6
7939 4
7940 6
7941 6
7942 6
7943 4
7944 6
7945 6
7946 6
7947 4
7948 6
7949 6
7950 4
7951 6
7952 6
7953 4
7954 6
7955 6
7956 4
7957 6
7958 6
7959 4
7960 6
7961 4
7962 6
7963 6
7964 4
7965 6
7966 4
7967 6
7968 4
7969 6
7970 4
7971 6
7972 4
7973 6
7974 4
7975 6
7976 4
7977 6
7978 4
7979 4
7980 6
7981 4
7982 6
7983 4
7984 4
7985 6
7986 4
7987 4
7988 6
7989 4
7990 4
7991 6
7992 4
7993 4
7994 6
7995 4
7996 4
7997 4
7998 6
7999 4
8000 4
8001 4
8002 5
8003 6
8004 5
8005 6
8006 5
8007 6
8008 5
8009 6
8010 8
8011 6
8012 6
8013 6
8014 0
8015 0
8016 0
8017 0
8018 0
8019 0
8020 0
8021 0
8022 0
8023 0
8024 0
8025 0
8026 0
8027 0
8028 0
8029 0
8030 0
8031 0
8032 0
8033 0
8034 0
8035 0
8036 0
8037 0
8038 0
8039 0
8040 0
8041 0
8042 0
8043 0
8044 0
8045 0
8046 0
8047 0
8048 0
8049 0
8050 0
8051 0
8052 0
8053 0
8054 0
8055 0
8056 0
8057 0
8058 0
8059 0
8060 0
8061 0
8062 6
8063 6
8064 6
8065 6
8066 6
8067 6
8068 6
8069 0
8070 6
8071 6
8072 6
8073 6
8074 6
8075 6
8076 0
8077 6
8078 6
8079 6
8080 6
8081 6
8082 0
8083 6
8084 6
8085 6
8086 0
8087 6
8088 6
8089 6
8090 0
8091 6
8092 6
8093 6
8094 0
8095 6
8096 6
8097 0
8098 6
8099 6
8100 0
8101 6
8102 6
8103 0
8104 6
8105 0
8106 6
8107 6
8108 0
8109 6
8110 0
8111 6
8112 0
8113 6
8114 6
8115 0
8116 6
8117 0
8118 6
8119 0
8120 6
8121 0
8122 0
8123 0
8124 0
8125 0
8126 0
8127 0
8128 0
8129 0
8130 0
8131 0
8132 0
8133 0
8134 0
8135 0
8136 0
8137 0
8138 0
8139 0
8140 0
8141 0
8142 0
8143 0
8144 0
8145 0
8146 0
8147 0
8148 0
8149 0
8150 0
8151 0
8152 0
8153 0
8154 0
8155 0
8156 0
8157 0
8158 0
8159 0
8160 0
8161 0
8162 0
8163 0
8164 0
8165 0
8166 0
8167 0
8168 0
8169 0
8170 0
8171 0
8172 0
8173 0
8174 0
8175 0
8176 0
8177 0
8178 0
8179 0
8180 0
8181 0
8182 0
8183 0
8184 0
8185 0
8186 0
8187 0
8188 0
8189 0
8190 0
8191 0
8192 0
8193 0
8194 8
8195 4
8196 4
8197 4
8198 4
8199 4
8200 4
8201 4
8202 4
8203 4
8204 4
8205 4
8206 4
8207 4
8208 4
8209 4
8210 4
8211 4
8212 4
8213 4
8214 4
8215 4
8216 4
8217 4
8218 4
8219 4
8220 4
8221 4
8222 4
8223 4
8224 4
8225 4
8226 4
8227 4
8228 4
8229 4
8230 4
8231 4
8232 4
8233 4
8234 4
8235 4
8236 4
8237 4
8238 4
8239 4
8240 4
8241 4
8242 4
8243 4
8244 4
8245 4
8246 4
8247 4
8248 4
8249 4
8250 4
8251 4
8252 4
8253 4
8254 4
8255 4
8256 4
8257 4
8258 4
8259 4
8260 4
8261 4
8262 4
8263 5
8264 5
8265 5
8266 5
8267 4
8268 5
8269 4
8270 5
8271 5
8272 4
8273 5
8274 4
8275 5
8276 4
8277 5
8278 4
8279 4
8280 5
8281 4
8282 5
8283 4
8284 5
8285 4
8286 5
8287 4
8288 4
8289 5
8290 4
8291 4
8292 5
8293 4
8294 5
8295 4
8296 4
8297 5
8298 4
8299 4
8300 5
8301 4
8302 4
8303 5
8304 4
8305 4
8306 5
8307 4
8308 5
8309 4
8310 4
8311 5
8312 4
8313 5
8314 5
8315 5
8316 5
8317 5
8318 5
8319 5
8320 5
8321 6
8322 5
8323 6
8324 5
8325 8
8326 4
8327 4
8328 4
8329 4
8330 4
8331 4
8332 4
8333 4
8334 4
8335 4
8336 4
8337 4
8338 4
8339 4
8340 4
8341 4
8342 4
8343 4
8344 4
8345 6
8346 6
8347 6
8348 6
8349 6
8350 6
8351 6
8352 6
8353 6
8354 6
8355 6
8356 6
8357 4
8358 5
8359 6
8360 5
8361 6
8362 5
8363 6
8364 5
8365 6
8366 5
8367 6
8368 8
8369 5
8370 5
8371 5
8372 5
8373 5
8374 5
8375 5
8376 5
8377 0
8378 0
8379 0
8380 0
8381 0
8382 0
8383 0
8384 0
8385 0
8386 0
8387 0
8388 0
8389 0
8390 0
8391 0
8392 0
8393 0
8394 0
8395 0
8396 0
8397 0
8398 0
8399 0
8400 0
8401 0
8402 0
8403 0
8404 0
8405 0
8406 0
8407 0
8408 0
8409 0
8410 0
8411 0
8412 0
8413 0
8414 0
8415 0
8416 0
8417 0
8418 0
8419 0
8420 0
8421 0
8422 0
8423 0
8424 0
8425 0
8426 0
8427 0
8428 0
8429 0
8430 0
8431 0
8432 0
8433 0
8434 0
8435 0
8436 0
8437 0
8438 0
8439 0
8440 0
8441 0
8442 0
8443 0
8444 0
8445 0
8446 0
8447 0
8448 0
8449 5
8450 0
8451 5
8452 0
8453 5
8454 0
8455 0
8456 5
8457 0
8458 5
8459 0
8460 0
8461 0
8462 0
8463 0
8464 0
8465 0
8466 0
8467 0
8468 0
8469 0
8470 0
8471 0
8472 0
8473 0
8474 0
8475 0
8476 0
8477 0
8478 0
8479 0
8480 0
8481 0
8482 0
8483 0
8484 0
8485 0
8486 0
8487 0
8488 0
8489 0
8490 0
8491 0
8492 0
8493 0
8494 0
8495 0
8496 0
8497 0
8498 0
8499 0
8500 0
8501 0
8502 0
8503 0
8504 0
8505 0
8506 0
8507 0
8508 0
8509 0
8510 0
8511 0
8512 0
8513 0
8514 0
8515 0
8516 0
8517 0
8518 0
8519 0
8520 0
8521 0
8522 0
8523 0
8524 0
8525 0
8526 0
8527 0
8528 0
8529 0
8530 0
8531 0
8532 5
8533 0
8534 0
8535 5
8536 0
8537 0
8538 5
8539 0
8540 0
8541 5
8542 0
8543 0
8544 6
8545 5
8546 0
8547 6
8548 5
8549 6
8550 5
8551 0
8552 6
8553 5
8554 6
8555 5
8556 0
8557 6
8558 5
8559 0
8560 6
8561 5
8562 6
8563 5
8564 0
8565 6
8566 5
8567 0
8568 0
8569 0
8570 0
8571 0
8572 6
8573 6
8574 6
8575 6
8576 6
8577 6
8578 6
8579 6
8580 6
8581 6
8582 6
8583 6
8584 6
8585 6
8586 6
8587 6
8588 6
8589 6
8590 6
8591 6
8592 6
8593 6
8594 0
8595 0
8596 0
8597 0
8598 6
8599 6
8600 0
8601 0
8602 0
8603 0
8604 0
8605 0
8606 0
8607 0
8608 0
8609 0
8610 0
8611 0
8612 0
8613 0
8614 6
8615 6
8616 6
8617 6
8618 6
8619 6
8620 6
8621 0
8622 0
8623 0
8624 0
8625 0
8626 0
8627 0
8628 0
8629 0
8630 0
8631 0
8632 0
8633 0
8634 0
8635 0
8636 0
8637 0
8638 0
8639 0
8640 0
8641 0
8642 0
8643 0
8644 0
8645 0
8646 0
8647 0
8648 0
8649 0
8650 0
8651 0
8652 0
8653 0
8654 0
8655 0
8656 0
8657 0
8658 0
8659 0
8660 0
8661 0
8662 0
8663 0
8664 0
8665 0
8666 0
8667 0
8668 0
8669 0
8670 0
8671 0
8672 0
8673 0
8674 0
8675 0
8676 0
8677 0
8678 0
8679 0
8680 0
8681 0
8682 0
8683 0
8684 0
8685 0
8686 0
8687 0
8688 0
8689 0
8690 0
8691 0
8692 6
8693 6
8694 6
8695 6
8696 6
8697 5
8698 6
8699 5
8700 6
8701 5
8702 6
8703 6
8704 5
8705 6
8706 5
8707 6
8708 5
8709 6
8710 5
8711 6
8712 5
8713 6
8714 5
8715 6
8716 5
8717 6
8718 6
8719 5
8720 6
8721 5
8722 6
8723 5
8724 6
8725 5
8726 6
8727 5
8728 6
8729 5
8730 6
8731 5
8732 6
8733 5
8734 6
8735 5
8736 6
8737 5
8738 6
8739 5
8740 6
8741 5
8742 6
8743 5
8744 6
8745 8
8746 4
8747 4
8748 4
8749 4
8750 4
8751 4
8752 4
8753 4
8754 4
8755 4
8756 4
8757 4
8758 4
8759 4
8760 4
8761 4
8762 4
8763 4
8764 4
8765 4
8766 4
8767 4
8768 4
8769 4
8770 4
8771 4
8772 4
8773 4
8774 4
8775 4
8776 4
8777 4
8778 4
8779 4
8780 4
8781 4
8782 4
8783 4
8784 4
8785 4
8786 4
8787 4
8788 4
8789 4
8790 4
8791 4
8792 4
8793 4
8794 4
8795 4
8796 4
8797 4
8798 6
8799 6
8800 6
8801 8
8802 2
8803 2
8804 2
8805 2
8806 2
8807 2
8808 2
8809 2
8810 2
8811 2
8812 2
8813 2
8814 2
8815 2
8816 2
8817 2
8818 2
8819 2
8820 2
8821 2
8822 2
8823 2
8824 2
8825 2
8826 2
8827 2
8828 2
8829 2
8830 2
8831 2
8832 2
8833 2
8834 0
8835 0
8836 0
8837 0
8838 0
8839 0
8840 0
8841 0
8842 0
8843 0
8844 0
8845 0
8846 0
8847 0
8848 0
8849 0
8850 0
8851 0
8852 0
8853 0
8854 0
8855 0
8856 0
8857 0
8858 0
8859 0
8860 0
8861 0
8862 0
8863 0
8864 0
8865 0
8866 0
8867 0
8868 0
8869 0
8870 0
8871 0
8872 0
8873 0
8874 0
8875 0
8876 0
8877 0
8878 0
8879 0
8880 0
8881 0
8882 0
8883 0
8884 0
8885 0
8886 0
8887 0
8888 0
8889 0
8890 0
8891 0
8892 0
8893 0
8894 0
8895 0
8896 0
8897 0
8898 0
8899 0
8900 0
8901 0
8902 0
8903 0
8904 0
8905 0
8906 0
8907 0
8908 0
8909 0
8910 0
8911 0
8912 0
8913 0
8914 0
8915 0
8916 0
8917 0
8918 0
8919 0
8920 0
8921 0
8922 0
8923 0
8924 0
8925 0
8926 0
8927 0
8928 0
8929 0
8930 0
8931 0
8932 0
8933 0
8934 0
8935 0
8936 0
8937 0
8938 0
8939 0
8940 0
8941 0
8942 0
8943 0
8944 0
8945 0
8946 0
8947 0
8948 0
8949 8
8950 6
8951 6
8952 6
8953 6
8954 0
8955 0
8956 0
8957 0
8958 0
8959 6
8960 6
8961 6
8962 6
8963 6
8964 0
8965 0
8966 0
8967 0
8968 0
8969 0
8970 0
8971 0
8972 0
8973 0
8974 0
8975 0
8976 0
8977 0
8978 0
8979 0
8980 0
8981 0
8982 0
8983 0
8984 0
8985 0
8986 0
8987 0
8988 0
8989 0
8990 0
8991 0
8992 0
8993 0
8994 0
8995 0
8996 0
8997 0
8998 0
8999 0
9000 0
9001 0
9002 0
9003 0
9004 0
9005 0
9006 0
9007 0
9008 0
9009 0
9010 0
9011 0
9012 0
9013 0
9014 0
9015 0
9016 0
9017 0
9018 0
9019 0
9020 0
9021 0
9022 0
9023 0
9024 0
9025 0
9026 0
9027 0
9028 0
9029 0
9030 0
9031 0
9032 0
9033 0
9034 0
9035 0
9036 0
9037 0
9038 0
9039 0
9040 0
9041 0
9042 0
9043 0
9044 0
9045 0
9046 0
9047 0
9048 0
9049 0
9050 0
9051 0
9052 0
9053 0
9054 0
9055 0
9056 0
9057 0
9058 0
9059 0
9060 0
9061 0
9062 0
9063 0
9064 0
9065 0
9066 0
9067 0
9068 0
9069 0
9070 0
9071 0
9072 0
9073 0
9074 0
9075 0
9076 0
9077 0
9078 0
9079 0
9080 0
9081 0
9082 0
9083 0
9084 0
9085 0
9086 0
9087 0
9088 0
9089 0
9090 0
9091 0
9092 0
9093 0
9094 6
9095 6
9096 6
9097 6
9098 6
9099 5
9100 6
9101 5
9102 6
9103 5
9104 0
9105 6
9106 5
9107 6
9108 6
9109 5
9110 6
9111 5
9112 6
9113 5
9114 0
9115 6
9116 5
9117 6
9118 5
9119 6
9120 5
9121 0
9122 6
9123 5
9124 6
9125 5
9126 6
9127 5
9128 6
9129 0
9130 6
9131 5
9132 6
9133 5
9134 6
9135 5
9136 6
9137 5
9138 0
9139 6
9140 5
9141 6
9142 5
9143 6
9144 5
9145 0
9146 6
9147 5
9148 6
9149 5
9150 6
9151 5
9152 0
9153 6
9154 5
9155 6
9156 5
9157 6
9158 5
9159 0
9160 6
9161 5
9162 6
9163 5
9164 0
9165 6
9166 5
9167 6
9168 5
9169 6
9170 5
9171 0
9172 5
9173 6
9174 5
9175 6
9176 5
9177 0
9178 6
9179 5
9180 6
9181 5
9182 0
9183 6
9184 5
9185 6
9186 5
9187 0
9188 6
9189 5
9190 6
9191 5
9192 0
9193 5
9194 6
9195 5
9196 0
9197 6
9198 5
9199 6
9200 5
9201 0
9202 6
9203 5
9204 6
9205 5
9206 0
9207 5
9208 6
9209 5
9210 6
9211 5
9212 0
9213 6
9214 5
9215 0
9216 6
9217 5
9218 5
9219 0
9220 6
9221 5
9222 6
9223 5
9224 0
9225 6
9226 5
9227 6
9228 5
9229 0
9230 5
9231 0
9232 6
9233 5
9234 6
9235 5
9236 0
9237 5
9238 6
9239 2
9240 2
9241 2
9242 2
9243 2
9244 2
9245 2
9246 2
9247 2
9248 2
9249 2
9250 2
9251 2
9252 2
9253 2
9254 2
9255 2
9256 2
9257 2
9258 2
9259 2
9260 2
9261 2
9262 2
9263 2
9264 6
9265 2
9266 5
9267 5
9268 5
9269 5
9270 5
9271 5
9272 5
9273 5
9274 5
9275 5
9276 5
9277 5
9278 0
9279 0
9280 0
9281 0
9282 0
9283 0
9284 0
9285 0
9286 0
9287 0
9288 0
9289 0
9290 0
9291 0
9292 0
9293 0
9294 0
9295 0
9296 0
9297 0
9298 0
9299 0
9300 0
9301 0
9302 0
9303 0
9304 0
9305 0
9306 0
9307 0
9308 0
9309 0
9310 0
9311 0
9312 0
9313 0
9314 0
9315 0
9316 0
9317 0
9318 0
9319 0
9320 0
9321 0
9322 0
9323 0
9324 0
9325 0
9326 0
9327 0
9328 0
9329 0
9330 0
9331 0
9332 0
9333 0
9334 0
9335 0
9336 0
9337 0
9338 0
9339 0
9340 0
9341 0
9342 0
9343 0
9344 0
9345 0
9346 0
9347 0
9348 0
9349 0
9350 5
9351 0
9352 5
9353 0
9354 5
9355 0
9356 0
9357 5
9358 0
9359 5
9360 0
9361 0
9362 0
9363 0
9364 0
9365 0
9366 0
9367 0
9368 0
9369 0
9370 0
9371 0
9372 0
9373 0
9374 0
9375 0
9376 0
9377 0
9378 0
9379 0
9380 0
9381 0
9382 0
9383 0
9384 0
9385 0
9386 0
9387 0
9388 0
9389 0
9390 0
9391 0
9392 0
9393 0
9394 0
9395 0
9396 0
9397 0
9398 0
9399 0
9400 0
9401 0
9402 0
9403 0
9404 0
9405 0
9406 0
9407 0
9408 0
9409 0
9410 5
9411 0
9412 5
9413 0
9414 5
9415 0
9416 0
9417 5
9418 0
9419 5
9420 0
9421 6
9422 5
9423 6
9424 5
9425 0
9426 6
9427 5
9428 6
9429 5
9430 6
9431 5
9432 0
9433 6
9434 5
9435 6
9436 5
9437 6
9438 5
9439 6
9440 5
9441 0
9442 6
9443 5
9444 6
9445 5
9446 6
9447 5
9448 0
9449 5
9450 6
9451 5
9452 0
9453 6
9454 5
9455 6
9456 5
9457 6
9458 5
9459 0
9460 6
9461 5
9462 6
9463 5
9464 0
9465 6
9466 5
9467 5
9468 0
9469 6
9470 5
9471 6
9472 5
9473 6
9474 5
9475 0
9476 6
9477 5
9478 5
9479 0
9480 6
9481 5
9482 0
9483 6
9484 5
9485 6
9486 5
9487 6
9488 5
9489 0
9490 5
9491 0
9492 6
9493 5
9494 6
9495 5
9496 0
9497 6
9498 5
9499 4
9500 4
9501 4
9502 4
9503 4
9504 4
9505 4
9506 4
9507 4
9508 4
9509 4
9510 4
9511 4
9512 4
9513 4
9514 4
9515 4
9516 4
9517 4
9518 4
9519 4
9520 4
9521 4
9522 4
9523 4
9524 4
9525 4
9526 4
9527 4
9528 4
9529 4
9530 4
9531 4
9532 4
9533 4
9534 4
9535 4
9536 4
9537 4
9538 4
9539 4
9540 4
9541 4
9542 4
9543 4
9544 4
9545 4
9546 4
9547 4
9548 4
9549 4
9550 4
9551 4
9552 4
9553 4
9554 4
9555 4
9556 4
9557 4
9558 4
9559 4
9560 4
9561 4
9562 4
9563 4
9564 4
9565 4
9566 4
9567 4
9568 4
9569 4
9570 4
9571 4
9572 4
9573 4
9574 4
9575 4
9576 4
9577 4
9578 4
9579 4
9580 4
9581 4
9582 4
9583 4
9584 4
9585 4
9586 4
9587 4
9588 4
9589 4
9590 4
9591 4
9592 4
9593 4
9594 4
9595 4
9596 4
9597 4
9598 4
9599 4
9600 4
9601 4
9602 4
9603 4
9604 4
9605 3
9606 3
9607 3
9608 3
9609 3
9610 3
9611 3
9612 3
9613 3
9614 3
9615 3
9616 3
9617 3
9618 3
9619 3
9620 3
9621 3
9622 3
9623 3
9624 3
9625 3
9626 5
9627 5
9628 5
9629 8
9630 0
9631 0
9632 0
9633 0
9634 0
9635 0
9636 0
9637 0
9638 0
9639 0
9640 0
9641 0
9642 0
9643 0
9644 0
9645 0
9646 0
9647 6
9648 6
9649 6
9650 6
9651 6
9652 6
9653 6
9654 6
9655 6
9656 6
9657 6
9658 6
9659 6
9660 6
9661 6
9662 6
9663 6
9664 6
9665 6
9666 6
9667 6
9668 6
9669 6
9670 6
9671 6
9672 6
9673 6
9674 6
9675 6
9676 6
9677 6
9678 6
9679 6
9680 6
9681 6
9682 6
9683 6
9684 6
9685 0
9686 0
9687 0
9688 0
9689 0
9690 0
9691 0
9692 0
9693 0
9694 0
9695 0
9696 0
9697 0
9698 0
9699 0
9700 0
9701 0
9702 0
9703 0
9704 0
9705 0
9706 0
9707 0
9708 0
9709 0
9710 0
9711 0
9712 0
9713 0
9714 0
9715 0
9716 0
9717 0
9718 0
9719 0
9720 0
9721 0
9722 0
9723 0
9724 0
9725 0
9726 0
9727 0
9728 0
9729 0
9730 0
9731 0
9732 0
9733 0
9734 0
9735 0
9736 0
9737 0
9738 0
9739 0
9740 0
9741 0
9742 0
9743 0
9744 0
9745 0
9746 0
9747 0
9748 0
9749 0
9750 0
9751 0
9752 0
9753 0
9754 0
9755 0
9756 0
9757 0
9758 0
9759 0
9760 0
9761 0
9762 0
9763 0
9764 0
9765 0
9766 0
9767 0
9768 0
9769 0
9770 0
9771 0
9772 0
9773 0
9774 0
9775 0
9776 0
9777 0
9778 0
9779 0
9780 0
9781 0
9782 0
9783 0
9784 0
9785 0
9786 0
9787 0
9788 0
9789 0
9790 0
9791 0
9792 0
9793 0
9794 0
9795 0
9796 0
9797 0
9798 0
9799 0
9800 0
9801 0
9802 6
9803 6
9804 6
9805 6
9806 0
9807 6
9808 6
9809 5
9810 6
9811 5
9812 0
9813 6
9814 5
9815 6
9816 6
9817 5
9818 0
9819 6
9820 5
9821 6
9822 5
9823 6
9824 5
9825 0
9826 6
9827 5
9828 6
9829 5
9830 6
9831 0
9832 5
9833 6
9834 6
9835 5
9836 6
9837 5
9838 0
9839 6
9840 5
9841 6
9842 5
9843 6
9844 5
9845 0
9846 6
9847 5
9848 6
9849 5
9850 0
9851 6
9852 5
9853 6
9854 5
9855 0
9856 6
9857 4
9858 4
9859 4
9860 4
9861 4
9862 4
9863 4
9864 4
9865 4
9866 4
9867 4
9868 4
9869 4
9870 4
9871 4
9872 4
9873 4
9874 4
9875 4
9876 4
9877 4
9878 4
9879 4
9880 4
9881 4
9882 4
9883 4
9884 4
9885 4
9886 4
9887 4
9888 4
9889 4
9890 4
9891 4
9892 4
9893 4
9894 4
9895 6
9896 6
9897 6
9898 6
9899 6
9900 6
9901 4
9902 6
9903 6
9904 6
9905 6
9906 6
9907 6
9908 6
9909 6
9910 6
9911 6
9912 6
9913 4
9914 6
9915 6
9916 6
9917 6
9918 6
9919 4
9920 6
9921 6
9922 6
9923 6
9924 4
9925 6
9926 6
9927 6
9928 6
9929 4
9930 6
9931 5
9932 6
9933 5
9934 6
9935 8
9936 6
9937 6
9938 6
9939 6
9940 6
9941 0
9942 0
9943 0
9944 0
9945 0
9946 0
9947 0
9948 0
9949 0
9950 0
9951 0
9952 0
9953 0
9954 0
9955 0
9956 0
9957 0
9958 0
9959 0
9960 0
9961 0
9962 0
9963 0
9964 0
9965 0
9966 0
9967 0
9968 0
9969 0
9970 0
9971 0
9972 0
9973 0
9974 0
9975 0
9976 0
9977 0
9978 0
9979 0
9980 0
9981 0
9982 0
9983 0
9984 0
9985 0
9986 0
9987 0
9988 0
9989 0
9990 0
9991 0
9992 0
9993 0
9994 0
9995 0
9996 0
9997 0
9998 0
9999 0
10000 0
10001 0
10002 0
10003 0
10004 0
10005 0
10006 0
10007 0
10008 0
10009 0
10010 0
10011 0
10012 0
10013 0
10014 0
10015 0
10016 0
10017 0
10018 0
10019 0
10020 0
10021 0
10022 0
10023 0
10024 0
10025 0
10026 0
10027 0
10028 0
10029 0
10030 0
10031 0
10032 0
10033 0
10034 0
10035 0
10036 0
10037 0
10038 0
10039 0
10040 0
10041 0
10042 0
10043 0
10044 0
10045 0
10046 0
10047 0
10048 0
10049 0
10050 0
10051 0
10052 0
10053 0
10054 0
10055 0
10056 0
10057 0
10058 0
10059 0
10060 0
10061 0
10062 0
10063 0
10064 0
10065 0
10066 0
10067 0
10068 0
10069 0
10070 0
10071 0
10072 0
10073 0
10074 0
10075 0
10076 0
10077 0
10078 0
10079 0
10080 0
10081 0
10082 0
10083 0
10084 0
10085 0
10086 0
10087 0
10088 0
10089 0
10090 0
10091 0
10092 0
10093 0
10094 0
10095 0
10096 0
10097 0
10098 0
10099 0
10100 0
10101 0
10102 0
10103 0
10104 0
10105 0
10106 0
10107 0
10108 0
10109 0
10110 0
10111 0
10112 0
10113 0
10114 0
10115 0
10116 0
10117 0
10118 0
10119 0
10120 0
10121 0
10122 0
10123 0
10124 0
10125 0
10126 0
10127 0
10128 0
10129 0
10130 0
10131 0
10132 0
10133 0
10134 0
10135 0
10136 0
10137 0
10138 0
10139 0
10140 0
10141 0
10142 0
10143 0
10144 0
10145 0
10146 2
10147 2
10148 2
10149 2
10150 2
10151 2
10152 2
10153 2
10154 2
10155 2
10156 2
10157 2
10158 2
10159 2
10160 2
10161 2
10162 2
10163 2
10164 2
10165 2
10166 2
10167 2
10168 2
10169 2
10170 2
10171 2
10172 2
10173 2
10174 2
10175 2
10176 2
10177 2
10178 2
10179 2
10180 2
10181 2
10182 2
10183 2
10184 2
10185 0
10186 8
10187 0
10188 0
10189 0
10190 0
10191 6
10192 6
10193 6
10194 0
10195 0
10196 0
10197 0
10198 0
10199 0
10200 0
10201 0
10202 0
10203 0
10204 0
10205 0
10206 0
10207 0
10208 0
10209 0
10210 0
10211 0
10212 0
10213 0
10214 0
10215 0
10216 0
10217 0
10218 0
10219 0
10220 0
10221 0
10222 0
10223 0
10224 0
10225 0
10226 0
10227 0
10228 0
10229 0
10230 0
10231 0
10232 0
10233 0
10234 0
10235 0
10236 0
10237 0
10238 0
10239 0
10240 0
10241 0
10242 0
10243 0
10244 0
10245 0
10246 0
10247 0
10248 0
10249 0
10250 0
10251 0
10252 0
10253 0
10254 0
10255 0
10256 0
10257 0
10258 0
10259 0
10260 0
10261 0
10262 0
10263 0
10264 0
10265 0
10266 0
10267 0
10268 0
10269 0
10270 0
10271 0
10272 0
10273 0
10274 0
10275 0
10276 0
10277 0
10278 0
10279 0
10280 8
10281 5
10282 5
10283 5
10284 5
10285 5
10286 5
10287 5
10288 5
10289 5
10290 5
10291 5
10292 5
10293 5
10294 5
10295 5
10296 5
10297 8
10298 6
10299 6
10300 6
10301 6
10302 6
10303 0
10304 6
10305 0
10306 0
10307 0
10308 0
10309 0
10310 0
10311 0
10312 0
10313 0
10314 0
10315 0
10316 0
10317 0
10318 0
10319 0
10320 0
10321 0
10322 0
10323 0
10324 0
10325 0
10326 0
10327 0
10328 0
10329 0
10330 0
10331 0
10332 0
10333 0
10334 0
10335 0
10336 0
10337 0
10338 0
10339 0
10340 0
10341 0
10342 0
10343 0
10344 0
10345 0
10346 0
10347 0
10348 0
10349 0
10350 0
10351 0
10352 0
10353 0
10354 0
10355 0
10356 0
10357 0
10358 0
10359 0
10360 0
10361 0
10362 0
10363 0
10364 0
10365 0
10366 0
10367 0
10368 0
10369 0
10370 0
10371 0
10372 0
10373 0
10374 0
10375 0
10376 0
10377 0
10378 0
10379 8
10380 4
10381 4
10382 4
10383 4
10384 4
10385 4
10386 4
10387 4
10388 4
10389 4
10390 4
10391 4
10392 4
10393 4
10394 4
10395 4
10396 4
10397 4
10398 4
10399 4
10400 4
10401 4
10402 4
10403 4
10404 4
10405 4
10406 4
10407 4
10408 4
10409 4
10410 4
10411 4
10412 4
10413 4
10414 4
10415 4
10416 4
10417 4
10418 4
10419 4
10420 4
10421 4
10422 4
10423 4
10424 4
10425 4
10426 4
10427 4
10428 4
10429 4
10430 4
10431 4
10432 4
10433 4
10434 4
10435 4
10436 4
10437 4
10438 4
10439 4
10440 4
10441 4
10442 4
10443 4
10444 4
10445 4
10446 4
10447 4
10448 4
10449 4
10450 4
10451 4
10452 4
10453 4
10454 4
10455 4
10456 4
10457 4
10458 4
10459 6
10460 6
10461 4
10462 6
10463 6
10464 6
10465 6
10466 6
10467 6
10468 4
10469 6
10470 6
10471 6
10472 4
10473 6
10474 6
10475 4
10476 6
10477 6
10478 4
10479 6
10480 4
10481 6
10482 6
10483 4
10484 6
10485 6
10486 6
10487 6
10488 6
10489 6
10490 6
10491 6
10492 6
10493 8
10494 2
10495 2
10496 2
10497 2
10498 2
10499 2
10500 2
10501 2
10502 2
10503 2
10504 2
10505 2
10506 2
10507 2
10508 2
10509 2
10510 2
10511 2
10512 2
10513 2
10514 2
10515 2
10516 2
10517 2
10518 2
10519 4
10520 4
10521 4
10522 4
10523 8
10524 2
10525 2
10526 2
10527 2
10528 2
10529 2
10530 2
10531 8
10532 6
10533 0
10534 0
10535 0
10536 0
10537 0
10538 0
10539 0
10540 0
10541 0
10542 0
10543 0
10544 0
10545 0
10546 0
10547 0
10548 0
10549 0
10550 0
10551 0
10552 0
10553 0
10554 0
10555 0
10556 0
10557 0
10558 0
10559 0
10560 0
10561 0
10562 0
10563 0
10564 0
10565 0
10566 0
10567 0
10568 0
10569 0
10570 0
10571 0
10572 0
10573 0
10574 0
10575 0
10576 0
10577 0
10578 0
10579 0
10580 0
10581 0
10582 0
10583 0
10584 0
10585 0
10586 0
10587 0
10588 0
10589 0
10590 0
10591 0
10592 0
10593 0
10594 0
10595 0
10596 6
10597 6
10598 6
10599 6
10600 6
10601 6
10602 5
10603 6
10604 5
10605 6
10606 5
10607 6
10608 5
10609 6
10610 5
10611 6
10612 5
10613 6
10614 6
10615 5
10616 6
10617 5
10618 6
10619 5
10620 6
10621 5
10622 6
10623 5
10624 6
10625 5
10626 6
10627 5
10628 6
10629 5
10630 6
10631 5
10632 6
10633 5
10634 6
10635 5
10636 6
10637 5
10638 6
10639 5
10640 6
10641 5
10642 6
10643 5
10644 6
10645 6
10646 5
10647 6
10648 5
10649 5
10650 6
10651 5
10652 6
10653 5
10654 6
10655 5
10656 6
10657 5
10658 6
10659 5
10660 6
10661 5
10662 6
10663 5
10664 6
10665 5
10666 6
10667 5
10668 6
10669 5
10670 6
10671 5
10672 6
10673 5
10674 6
10675 5
10676 6
10677 5
10678 5
10679 6
10680 5
10681 6
10682 5
10683 6
10684 5
10685 6
10686 5
10687 6
10688 5
10689 6
10690 5
10691 5
10692 6
10693 5
10694 6
10695 5
10696 6
10697 5
10698 6
10699 5
10700 5
10701 6
10702 5
10703 6
10704 5
10705 6
10706 5
10707 6
10708 5
10709 5
10710 6
10711 5
10712 6
10713 5
10714 5
10715 6
10716 5
10717 6
10718 5
10719 6
10720 5
10721 5
10722 6
10723 5
10724 6
10725 5
10726 8
10727 4
10728 4
10729 4
10730 4
10731 4
10732 6
10733 6
10734 6
10735 6
10736 6
10737 6
10738 6
10739 6
10740 6
10741 6
10742 6
10743 6
10744 6
10745 6
10746 4
10747 4
10748 4
10749 4
10750 4
10751 4
10752 4
10753 4
10754 4
10755 4
10756 4
10757 4
10758 4
10759 4
10760 4
10761 4
10762 4
10763 4
10764 6
10765 6
10766 4
10767 6
10768 6
10769 6
10770 6
10771 6
10772 6
10773 6
10774 6
10775 6
10776 4
10777 6
10778 6
10779 6
10780 6
10781 6
10782 6
10783 6
10784 4
10785 6
10786 6
10787 6
10788 6
10789 6
10790 4
10791 6
10792 6
10793 6
10794 6
10795 4
10796 6
10797 5
10798 6
10799 5
10800 6
10801 5
10802 6
10803 5
10804 6
10805 8
10806 5
10807 5
10808 5
10809 5
10810 5
10811 5
10812 5
10813 5
10814 5
10815 5
10816 5
10817 5
10818 5
10819 4
10820 4
10821 4
10822 4
10823 4
10824 4
10825 4
10826 4
10827 5
10828 4
10829 4
10830 4
10831 4
10832 4
10833 4
10834 4
10835 5
10836 5
10837 5
10838 5
10839 4
10840 5
10841 5
10842 5
10843 5
10844 5
10845 4
10846 6
10847 5
10848 8
10849 6
10850 6
10851 6
10852 6
10853 6
10854 6
10855 6
10856 4
10857 4
10858 4
10859 4
10860 4
10861 4
10862 4
10863 4
10864 4
10865 4
10866 4
10867 4
10868 4
10869 4
10870 4
10871 4
10872 4
10873 4
10874 4
10875 4
10876 4
10877 4
10878 4
10879 4
10880 4
10881 4
10882 4
10883 4
10884 4
10885 4
10886 4
10887 4
10888 4
10889 4
10890 6
10891 6
10892 6
10893 6
10894 6
10895 6
10896 6
10897 6
10898 6
10899 6
10900 4
10901 6
10902 6
10903 6
10904 6
10905 6
10906 6
10907 4
10908 6
10909 6
10910 6
10911 6
10912 6
10913 4
10914 6
10915 6
10916 6
10917 6
10918 4
10919 6
10920 6
10921 6
10922 4
10923 6
10924 6
10925 6
10926 4
10927 6
10928 6
10929 6
10930 4
10931 6
10932 6
10933 4
10934 6
10935 6
10936 4
10937 6
10938 6
10939 4
10940 6
10941 5
10942 6
10943 8
10944 2
10945 2
10946 2
10947 2
10948 2
10949 2
10950 2
10951 2
10952 2
10953 2
10954 2
10955 2
10956 2
10957 2
10958 2
10959 2
10960 2
10961 2
10962 2
10963 2
10964 2
10965 2
10966 2
10967 2
10968 2
10969 2
10970 2
10971 4
10972 4
10973 6
10974 8
10975 6
10976 6
10977 6
10978 6
10979 6
10980 6
10981 6
10982 6
10983 6
10984 6
10985 6
10986 6
10987 6
10988 6
10989 6
10990 6
10991 0
10992 0
10993 0
10994 0
10995 0
10996 0
10997 0
10998 0
10999 0
11000 0
11001 0
11002 0
11003 0
11004 0
11005 0
11006 0
11007 0
11008 0
11009 0
11010 0
11011 6
11012 6
11013 6
11014 0
11015 0
11016 0
11017 0
11018 0
11019 0
11020 0
11021 0
11022 0
11023 0
11024 0
11025 0
11026 0
11027 0
11028 0
11029 0
11030 0
11031 0
11032 0
11033 0
11034 0
11035 0
11036 0
11037 0
11038 0
11039 0
11040 0
11041 0
11042 0
11043 0
11044 0
11045 0
11046 6
11047 6
11048 6
11049 6
11050 6
11051 8
11052 4
11053 4
11054 4
11055 4
11056 4
11057 4
11058 4
11059 4
11060 4
11061 4
11062 4
11063 4
11064 4
11065 4
11066 4
11067 4
11068 4
11069 4
11070 4
11071 4
11072 4
11073 4
11074 4
11075 4
11076 4
11077 4
11078 4
11079 4
11080 4
11081 4
11082 4
11083 4
11084 4
11085 4
11086 4
11087 4
11088 4
11089 4
11090 4
11091 4
11092 4
11093 4
11094 6
11095 6
11096 6
11097 6
11098 6
11099 6
11100 6
11101 6
11102 6
11103 4
11104 6
11105 6
11106 6
11107 6
11108 6
11109 6
11110 6
11111 6
11112 4
11113 6
11114 6
11115 6
11116 6
11117 6
11118 4
11119 6
11120 6
11121 6
11122 6
11123 4
11124 6
11125 6
11126 6
11127 4
11128 6
11129 6
11130 6
11131 4
11132 6
11133 6
11134 4
11135 6
11136 6
11137 4
11138 6
11139 6
11140 4
11141 6
11142 6
11143 4
11144 6
11145 6
11146 4
11147 6
11148 4
11149 6
11150 6
11151 6
11152 6
11153 6
11154 8
11155 4
11156 4
11157 4
11158 4
11159 4
11160 4
11161 4
11162 4
11163 4
11164 4
11165 4
11166 4
11167 4
11168 4
11169 4
11170 4
11171 4
11172 4
11173 6
11174 6
11175 6
11176 6
11177 6
11178 6
11179 6
11180 6
11181 6
11182 4
11183 6
11184 6
11185 5
11186 6
11187 5
11188 6
11189 8
11190 6
